1.07105	0
1.07692	493.151
1.08007	725.441
1.08902	621.285
1.10703	444.559
1.12178	402.835
1.12472	458.274
1.14552	390.9
1.1634	362.873
1.17257	372.378
1.19655	336.475
1.21733	318.563
1.2235	333.72
1.24458	318.331
1.24749	337.255
1.26838	323.644
1.3103	285.455
1.31616	296.129
1.32789	299.388
1.33987	302.087
1.35499	301.224
1.36112	309.667
1.367	318.03
1.38866	310.016
1.40098	311.52
1.4162	310.309
1.44056	301.611
1.47097	289.566
1.48624	289.323
1.49218	295.458
1.50113	299.328
1.51342	300.768
1.52848	300.313
1.54058	301.765
1.55856	299.511
1.57357	299.163
1.57965	304.053
1.62475	287.177
1.62786	293.3
1.65464	287.273
1.66662	288.741
1.66977	294.41
1.67597	298.514
1.70312	292.554
1.71807	292.471
1.72701	295.06
1.73933	296.08
1.76078	293.148
1.76671	296.843
1.77867	297.927
1.86628	270.636
1.87826	271.966
1.88147	276.205
1.88739	279.482
1.89038	283.72
1.90268	284.715
1.90888	287.753
1.91799	289.752
1.92687	291.787
1.96002	285.785
1.97798	284.892
1.98407	287.714
1.99628	288.583
2.00525	290.431
2.01777	291.151
2.02372	293.859
2.03565	294.701
2.0505	294.643
2.07513	291.727
2.09327	290.779
2.10236	292.4
2.12347	290.644
2.12646	293.905
2.15332	290.612
2.16832	290.576
2.17121	293.731
2.18618	293.662
2.20684	292.128
2.21869	292.874
2.23368	292.814
2.25162	292.025
2.26939	291.301
2.29629	288.439
2.31429	287.739
2.32024	289.822
2.34403	287.804
2.35	289.833
2.35306	292.505
2.39824	285.817
2.41648	285.155
2.42239	287.1
2.42828	289.033
2.44604	288.443
2.45797	289.075
2.46692	290.314
2.50056	286.512
2.50359	288.917
2.50649	291.338
2.54508	286.651
2.55413	287.812
2.5692	287.8
2.57527	289.508
2.60209	287.262
2.63554	283.888
2.6508	283.88
2.65378	286.071
2.65965	287.73
2.66255	289.917
2.67754	289.9
2.69826	288.866
2.71307	288.891
2.73111	288.355
2.74048	289.323
2.74959	290.324
2.77061	289.277
2.78258	289.777
2.80427	288.645
2.81962	288.582
2.84092	287.552
2.8469	289.014
2.8648	288.539
2.87738	288.92
2.89267	288.867
2.92007	286.925
2.92882	287.898
2.94091	288.346
2.94713	289.691
2.96512	289.221
2.97995	289.237
2.99243	289.606
3.01043	289.146
3.02584	289.077
3.05287	287.317
3.07338	286.532
3.0792	287.851
3.08801	288.734
3.11212	287.442
3.11506	289.14
3.13676	288.195
3.14859	288.633
3.16152	288.914
3.17633	288.933
3.18845	289.319
3.20992	288.436
3.21905	289.22
3.23404	289.213
3.25864	287.937
3.26469	289.111
3.28627	288.245
3.3013	288.24
3.31329	288.625
3.33707	287.504
3.34291	288.665
3.36386	287.912
3.37273	288.679
3.38464	289.059
3.39981	289.031
3.41498	289.004
3.43357	288.559
3.44566	288.909
3.47058	287.71
3.47664	288.78
3.49177	288.759
3.53537	285.407
3.55049	285.409
3.56281	285.731
3.56597	287.099
3.57474	287.818
3.59263	287.49
3.61077	287.138
3.6166	288.176
3.64643	286.518
3.66812	285.789
3.6711	287.121
3.67991	287.807
3.68888	288.47
3.70993	287.807
3.71944	288.404
3.74046	287.752
3.76142	287.117
3.77673	287.089
3.80709	285.484
3.81004	286.752
3.81297	288.02
3.83117	287.686
3.84071	288.254
3.85869	287.945
3.87958	287.342
3.88852	287.963
3.90084	288.236
3.91582	288.237
3.93942	287.372
3.94594	288.222
3.96111	288.204
3.99744	286.104
4.00648	286.694
4.0217	286.68
4.04936	285.469
4.06125	285.778
4.0764	285.775
4.08224	286.655
4.08516	287.809
4.09765	288.048
4.1191	287.439
4.1527	285.709
4.1557	286.83
4.1678	287.104
4.1739	287.931
4.18912	287.911
4.20384	287.938
4.22181	287.667
4.23418	287.907
4.24935	287.892
4.27356	287.066
4.2948	286.515
4.30717	286.754
4.31006	287.831
4.33768	286.721
4.34068	287.778
4.35554	287.791
4.37662	287.264
4.39465	287.005
4.40398	287.498
4.41623	287.736
4.4314	287.723
4.44657	287.709
4.46174	287.696
4.48283	287.184
4.49214	287.665
4.50725	287.657
4.52242	287.645
4.54957	286.642
4.55276	287.62
4.56793	287.607
4.58862	287.144
4.6128	286.404
4.61573	287.385
4.63044	287.411
4.64831	287.183
4.66998	286.655
4.68551	286.619
4.70056	286.62
4.71256	286.862
4.7336	286.394
4.74898	286.371
4.75198	287.31
4.77297	286.849
4.78262	287.267
4.79794	287.245
4.81066	287.423
4.83465	286.739
4.84364	287.201
4.85617	287.391
4.87134	287.381
4.90768	285.786
4.91415	286.428
4.91709	287.332
4.93202	287.34
4.95341	286.87
4.96236	287.32
4.98089	287.063
5.01424	285.732
5.01719	286.612
5.0289	286.855
5.03821	287.271
5.05612	287.064
5.08694	285.938
5.09299	286.581
5.09889	287.233
5.11406	287.224
5.12923	287.215
5.15369	286.553
5.16903	286.534
5.17503	287.168
5.19366	286.918
5.20614	287.097
5.22731	286.674
5.26057	285.43
5.27302	285.612
5.27894	286.237
5.2914	286.415
5.29758	287.018
5.31886	286.598
5.33412	286.585
5.34967	286.553
5.37056	286.166
5.37669	286.761
5.39509	286.54
5.40692	286.755
5.41904	286.949
5.44638	286.144
5.4493	286.939
5.47659	286.143
5.48266	286.728
5.50624	286.178
5.53772	285.129
5.55286	285.129
5.56495	285.324
5.5741	285.703
5.5981	285.143
5.60421	285.711
5.60722	286.473
5.62262	286.453
5.64095	286.25
5.6499	286.633
5.66218	286.808
5.68601	286.263
5.69789	286.462
5.71007	286.641
5.73091	286.286
5.74316	286.46
5.76429	286.091
5.77603	286.295
5.78186	286.857
5.80589	286.314
5.8119	286.862
5.83011	286.672
5.85395	286.147
5.85741	286.842
5.87258	286.836
5.89052	286.665
5.90845	286.495
5.92087	286.652
5.94817	285.934
5.95419	286.466
5.96929	286.465
5.98127	286.645
6.00257	286.283
6.02334	285.955
6.0323	286.309
6.05054	286.128
6.06918	285.926
6.07503	286.454
6.09981	285.902
6.10881	286.249
6.12102	286.412
6.1395	286.22
6.14565	286.724
6.16382	286.55
6.17917	286.534
6.20335	286.026
6.20633	286.701
6.22481	286.512
6.24313	286.332
6.25805	286.341
6.27659	286.151
6.29225	286.121
6.30413	286.297
6.31964	286.274
6.3348	286.27
6.35595	285.942
6.38038	285.44
6.38332	286.095
6.39244	286.416
6.40499	286.552
6.42311	286.389
6.44215	286.178
6.46347	285.848
6.46937	286.336
6.48459	286.329
6.50005	286.309
6.51837	286.139
6.53035	286.303
6.54505	286.323
6.56318	286.165
6.59997	285.042
6.60303	285.665
6.61768	285.69
6.63251	285.705
6.63843	286.176
6.65093	286.309
6.66308	286.46
6.69071	285.82
6.69967	286.133
6.72958	285.384
6.73894	285.675
6.75081	285.838
6.76324	285.973
6.78139	285.821
6.78434	286.429
6.80821	285.991
6.82054	286.129
6.83585	286.118
6.85675	285.831
6.86256	286.29
6.88142	286.105
6.9026	285.806
6.90551	286.404
6.9203	286.418
6.94839	285.785
6.95423	286.235
6.96929	286.237
6.99951	285.507
7.00244	286.094
7.01116	286.401
7.02946	286.246
7.04136	286.399
7.05907	286.274
7.08073	285.961
7.0966	285.925
7.1055	286.219
7.12027	286.234
7.1383	286.096
7.15032	286.24
7.16854	286.094
7.18759	285.909
7.20545	285.781
7.22668	285.497
7.23254	285.927
7.24482	286.058
7.25395	286.334
7.27504	286.057
7.29301	285.925
7.31428	285.643
7.32032	286.058
7.32965	286.322
7.3635	285.468
7.36646	286.02
7.38211	285.995
7.39421	286.131
7.41555	285.85
7.42463	286.121
7.4485	285.728
7.46376	285.721
7.47571	285.863
7.48459	286.14
7.51812	285.323
7.53969	285.039
7.54259	285.579
7.55165	285.846
7.56063	286.116
7.57859	285.99
7.59423	285.967
7.60632	286.099
7.62178	286.083
7.64273	285.829
7.65163	286.098
7.67	285.957
7.68516	285.954
7.7227	284.99
7.73513	285.107
7.7382	285.623
7.74118	286.143
7.75371	286.253
7.77563	285.962
7.79358	285.841
7.81149	285.722
7.81439	286.24
7.82956	286.237
7.84744	286.119
7.8599	286.23
7.88711	285.721
7.89024	286.224
7.92006	285.608
7.9264	285.974
7.94148	285.975
7.95092	286.211
7.96609	286.208
7.99952	285.45
8.00255	285.949
8.03833	285.101
8.05363	285.095
8.06885	285.092
8.07181	285.588
8.07489	286.079
8.08746	286.182
8.11419	285.71
8.13006	285.679
8.13297	286.173
8.14814	286.17
8.16331	286.167
8.17848	286.164
8.19365	286.161
8.20882	286.158
8.24849	285.179
8.2604	285.307
8.26705	285.644
8.28241	285.635
8.29752	285.635
8.31855	285.403
8.32786	285.632
8.33699	285.867
8.34914	285.983
8.3912	284.931
8.40011	285.174
8.40301	285.65
8.4182	285.647
8.4212	286.118
8.43653	286.109
8.4583	285.851
8.48525	285.395
8.5001	285.406
8.5033	285.864
8.5124	286.095
8.55547	285.026
8.56136	285.379
8.57031	285.614
8.5793	285.847
8.60035	285.622
8.60325	286.086
8.61842	286.083
8.64249	285.744
8.66114	285.611
8.66725	285.95
8.68572	285.824
8.69744	285.951
8.70944	286.067
8.72461	286.065
8.74337	285.928
8.76746	285.595
8.77639	285.824
8.80344	285.383
8.80633	285.835
8.81563	286.05
8.84266	285.611
8.84862	285.947
8.90042	284.608
8.90353	285.046
8.90649	285.489
8.9095	285.931
8.93097	285.699
8.93972	285.931
8.96392	285.601
8.97941	285.588
8.98251	286.022
9.03101	284.823
9.04022	285.035
9.05833	284.93
9.06748	285.144
9.09474	284.714
9.10071	285.04
9.10361	285.475
9.11851	285.483
9.12449	285.808
9.13952	285.811
9.17634	285.045
9.17959	285.464
9.18891	285.668
9.19489	285.99
9.21006	285.987
9.24253	285.38
9.25167	285.589
9.26347	285.705
9.27571	285.805
9.29384	285.7
9.32758	285.056
9.33056	285.476
9.33361	285.894
9.35817	285.568
9.37672	285.45
9.38261	285.768
9.40372	285.562
9.41593	285.662
9.4337	285.572
9.43987	285.877
9.47599	285.163
9.4822	285.466
9.49416	285.573
9.5221	285.14
9.52532	285.543
9.54348	285.441
9.54932	285.753
9.56144	285.854
9.58616	285.532
9.58932	285.933
9.61025	285.738
9.63115	285.545
9.6403	285.744
9.67317	285.155
9.67616	285.558
9.68199	285.866
9.70981	285.445
9.74045	284.935
9.74633	285.24
9.75543	285.438
9.76429	285.644
9.78269	285.537
9.79166	285.739
9.80969	285.643
9.84627	284.945
9.85549	285.138
9.8702	285.152
9.87326	285.544
9.88535	285.642
9.89781	285.728
9.93124	285.138
9.93752	285.423
9.96136	285.144
9.97364	285.236
9.98604	285.323
9.98902	285.712
10.0014	285.8
