1.0675	0
1.07938	292.287
1.08846	362.112
1.09453	433.01
1.11007	380.031
1.12577	353.114
1.14625	317.453
1.16673	296.093
1.18721	281.869
1.20769	271.717
1.22817	264.107
1.24865	258.191
1.26913	253.459
1.28961	249.589
1.31009	246.364
1.33057	243.637
1.35105	241.299
1.37153	239.273
1.39201	237.5
1.41249	235.937
1.43297	234.547
1.45345	233.303
1.47393	232.184
1.49441	231.172
1.51489	230.252
1.53537	229.411
1.55585	228.641
1.57633	227.933
1.59681	227.279
1.61729	226.673
1.63777	226.111
1.65825	225.587
1.67873	225.099
1.69921	224.642
1.71969	224.213
1.74017	223.811
1.76065	223.432
1.78113	223.075
1.80161	222.738
1.82209	222.419
1.84257	222.117
1.86305	221.83
1.88353	221.557
1.90401	221.298
1.92449	221.052
1.94497	220.816
1.96545	220.592
1.98593	220.377
2.00641	220.172
2.02689	219.975
2.04737	219.787
2.06785	219.606
2.08833	219.433
2.10881	219.266
2.12929	219.106
2.14977	218.952
2.17025	218.803
2.19073	218.66
2.21121	218.522
2.23169	218.389
2.25217	218.261
2.27265	218.137
2.29313	218.017
2.31361	217.901
2.33409	217.788
2.35457	217.679
2.37505	217.574
2.39553	217.472
2.41601	217.373
2.43649	217.277
2.45697	217.184
2.47745	217.093
2.49793	217.005
2.51841	216.92
2.53889	216.837
2.55937	216.756
2.57985	216.677
2.60033	216.601
2.62081	216.526
2.64129	216.453
2.66177	216.383
2.68225	216.314
2.70273	216.247
2.72321	216.181
2.74369	216.117
2.76417	216.055
2.78465	215.994
2.80513	215.934
2.82561	215.876
2.84609	215.819
2.86657	215.764
2.88705	215.71
2.90753	215.657
2.92801	215.605
2.94849	215.554
2.96897	215.504
2.98945	215.456
3.00993	215.408
3.03041	215.362
3.05089	215.316
3.07137	215.271
3.09185	215.228
3.11233	215.185
3.13281	215.143
3.15329	215.101
3.17377	215.061
3.19425	215.021
3.21473	214.982
3.23521	214.944
3.25569	214.907
3.27617	214.87
3.29665	214.834
3.31713	214.798
3.33761	214.764
3.35809	214.73
3.37857	214.696
3.39905	214.663
3.41953	214.631
3.44001	214.599
3.46049	214.567
3.48097	214.537
3.50145	214.506
3.52193	214.477
3.54241	214.447
3.56289	214.419
3.58337	214.39
3.60385	214.363
3.62433	214.335
3.64481	214.308
3.66529	214.282
3.68577	214.255
3.70625	214.23
3.72673	214.204
3.74721	214.179
3.76769	214.155
3.78817	214.131
3.80865	214.107
3.82913	214.083
3.84961	214.06
3.87009	214.037
3.89057	214.015
3.91105	213.993
3.93153	213.971
3.95201	213.95
3.97249	213.928
3.99297	213.907
4.01345	213.887
4.03393	213.866
4.05441	213.846
4.07489	213.827
4.09537	213.807
4.11585	213.788
4.13633	213.769
4.15681	213.75
4.17729	213.732
4.19777	213.713
4.21825	213.695
4.23873	213.677
4.25921	213.66
4.27969	213.643
4.30017	213.625
4.32065	213.609
4.34113	213.592
4.36161	213.575
4.38209	213.559
4.40257	213.543
4.42305	213.527
4.44353	213.511
4.46401	213.496
4.48449	213.481
4.50497	213.465
4.52545	213.45
4.54593	213.436
4.56641	213.421
4.58689	213.407
4.60737	213.392
4.62785	213.378
4.64833	213.364
4.66881	213.35
4.68929	213.337
4.70977	213.323
4.73025	213.31
4.75073	213.297
4.77121	213.284
4.79169	213.271
4.81217	213.258
4.83265	213.246
4.85313	213.233
4.87361	213.221
4.89409	213.209
4.91457	213.196
4.93505	213.185
4.95553	213.173
4.97601	213.161
4.99649	213.149
5.01697	213.138
5.03745	213.127
5.05793	213.115
5.07841	213.104
5.09889	213.093
5.11937	213.082
5.13985	213.072
5.16033	213.061
5.18081	213.05
5.20129	213.04
5.22177	213.03
5.24225	213.019
5.26273	213.009
5.28321	212.999
5.30369	212.989
5.32417	212.979
5.34465	212.969
5.36513	212.96
5.38561	212.95
5.40609	212.941
5.42657	212.931
5.44705	212.922
5.46753	212.913
5.48801	212.904
5.50849	212.895
5.52897	212.886
5.54945	212.877
5.56993	212.868
5.59041	212.859
5.61089	212.85
5.63137	212.842
5.65185	212.833
5.67233	212.825
5.69281	212.817
5.71329	212.808
5.73377	212.8
5.75425	212.792
5.77473	212.784
5.79521	212.776
5.81569	212.768
5.83617	212.76
5.85665	212.752
5.87713	212.745
5.89761	212.737
5.91809	212.729
5.93857	212.722
5.95905	212.714
5.97953	212.707
6.00001	212.7
6.02049	212.692
6.04097	212.685
6.06145	212.678
6.08193	212.671
6.10241	212.664
6.12289	212.657
6.14337	212.65
6.16385	212.643
6.18433	212.636
6.20481	212.629
6.22529	212.623
6.24577	212.616
6.26625	212.609
6.28673	212.603
6.30721	212.596
6.32769	212.59
6.34817	212.584
6.36865	212.577
6.38913	212.571
6.40961	212.565
6.43009	212.558
6.45057	212.552
6.47105	212.546
6.49153	212.54
6.51201	212.534
6.53249	212.528
6.55297	212.522
6.57345	212.516
6.59393	212.51
6.61441	212.505
6.63489	212.499
6.65537	212.493
6.67585	212.487
6.69633	212.482
6.71681	212.476
6.73729	212.471
6.75777	212.465
6.77825	212.46
6.79873	212.454
6.81921	212.449
6.83969	212.443
6.86017	212.438
6.88065	212.433
6.90113	212.428
6.92161	212.422
6.94209	212.417
6.96257	212.412
6.98305	212.407
7.00353	212.402
7.02401	212.397
7.04449	212.392
7.06497	212.387
7.08545	212.382
7.10593	212.377
7.12641	212.372
7.14689	212.367
7.16737	212.363
7.18785	212.358
7.20833	212.353
7.22881	212.348
7.24929	212.344
7.26977	212.339
7.29025	212.334
7.31073	212.33
7.33121	212.325
7.35169	212.321
7.37217	212.316
7.39265	212.312
7.41313	212.307
7.43361	212.303
7.45409	212.299
7.47457	212.294
7.49505	212.29
7.51553	212.286
7.53601	212.281
7.55649	212.277
7.57697	212.273
7.59745	212.269
7.61793	212.265
7.63841	212.26
7.65889	212.256
7.67937	212.252
7.69985	212.248
7.72033	212.244
7.74081	212.24
7.76129	212.236
7.78177	212.232
7.80225	212.228
7.82273	212.224
7.84321	212.22
7.86369	212.217
7.88417	212.213
7.90465	212.209
7.92513	212.205
7.94561	212.201
7.96609	212.198
7.98657	212.194
8.00705	212.19
8.02753	212.187
8.04801	212.183
8.06849	212.179
8.08897	212.176
8.10945	212.172
8.12993	212.168
8.15041	212.165
8.17089	212.161
8.19137	212.158
8.21185	212.154
8.23233	212.151
8.25281	212.147
8.27329	212.144
8.29377	212.141
8.31425	212.137
8.33473	212.134
8.35521	212.13
8.37569	212.127
8.39617	212.124
8.41665	212.12
8.43713	212.117
8.45761	212.114
8.47809	212.111
8.49857	212.107
8.51905	212.104
8.53953	212.101
8.56001	212.098
8.58049	212.095
8.60097	212.091
8.62145	212.088
8.64193	212.085
8.66241	212.082
8.68289	212.079
8.70337	212.076
8.72385	212.073
8.74433	212.07
8.76481	212.067
8.78529	212.064
8.80577	212.061
8.82625	212.058
8.84673	212.055
8.86721	212.052
8.88769	212.049
8.90817	212.046
8.92865	212.043
8.94913	212.041
8.96961	212.038
8.99009	212.035
9.01057	212.032
9.03105	212.029
9.05153	212.026
9.07201	212.024
9.09249	212.021
9.11297	212.018
9.13345	212.015
9.15393	212.013
9.17441	212.01
9.19489	212.007
9.21537	212.005
9.23585	212.002
9.25633	211.999
9.27681	211.997
9.29729	211.994
9.31777	211.991
9.33825	211.989
9.35873	211.986
9.37921	211.983
9.39969	211.981
9.42017	211.978
9.44065	211.976
9.46113	211.973
9.48161	211.971
9.50209	211.968
9.52257	211.966
9.54305	211.963
9.56353	211.961
9.58401	211.958
9.60449	211.956
9.62497	211.953
9.64545	211.951
9.66593	211.949
9.68641	211.946
9.70689	211.944
9.72737	211.941
9.74785	211.939
9.76833	211.937
9.78881	211.934
9.80929	211.932
9.82977	211.93
9.85025	211.927
9.87073	211.925
9.89121	211.923
9.91169	211.921
9.93217	211.918
9.95265	211.916
9.97313	211.914
9.99361	211.912
