1.04855	0
1.05145	746.114
1.05436	993.103
1.06343	729.319
1.07219	651.338
1.09455	441.808
1.10342	448.753
1.11577	431.322
1.12465	437.524
1.16964	313.599
1.20865	265.047
1.2294	258.626
1.23537	273.259
1.23831	291.513
1.25913	283.318
1.28002	276.498
1.28297	291.265
1.29516	294.349
1.31319	290.659
1.33108	287.576
1.34632	287.368
1.37315	277.016
1.37605	287.66
1.41177	271.394
1.41775	278.642
1.42356	285.79
1.4355	288.118
1.43842	296.975
1.44143	305.632
1.44762	311.673
1.47457	302.161
1.5014	293.852
1.50734	299.428
1.51626	302.932
1.53677	299.078
1.53967	306.067
1.55436	305.72
1.58116	298.487
1.58442	304.7
1.60219	302.733
1.61698	302.457
1.66793	284.635
1.67683	287.466
1.71913	275.825
1.73717	274.877
1.74623	277.488
1.779	270.979
1.7968	270.309
1.79978	274.97
1.80873	277.406
1.84447	270.402
1.88002	264.059
1.88296	268.291
1.91929	262.079
1.93708	261.695
1.95812	260.395
2.00631	251.829
2.02423	251.632
2.04234	251.395
2.04523	254.99
2.06904	253.278
2.072	256.757
2.0782	259.399
2.09944	258.27
2.1085	260.133
2.11145	263.467
2.1566	256.648
2.15953	259.851
2.17465	260.197
2.18939	260.621
2.20406	261.05
2.21013	263.399
2.22531	263.671
2.24646	262.625
2.24945	265.561
2.25236	268.501
2.25535	271.408
2.32393	260.227
2.38349	251.871
2.38942	253.974
2.40756	253.763
2.41641	255.276
2.42879	256.115
2.43463	258.148
2.49479	250.412
2.50363	251.857
2.50655	254.311
2.55133	249.616
2.55425	251.997
2.56007	253.881
2.56594	255.742
2.57802	256.545
2.58432	258.303
2.59321	259.61
2.59619	261.898
2.62001	260.679
2.65011	258.481
2.65594	260.228
2.66224	261.886
2.67119	263.102
2.67439	265.237
2.6773	267.412
2.7131	264.261
2.72239	265.374
2.73708	265.623
2.75188	265.851
2.7549	267.909
2.76072	269.518
2.78146	268.787
2.78741	270.349
2.79629	271.445
2.80513	272.537
2.82294	272.236
2.82591	274.209
2.87041	269.889
2.90628	267.008
2.92111	267.2
2.92402	269.086
2.93295	270.102
2.9451	270.648
2.95701	271.222
2.98963	268.893
2.99554	270.294
3.00738	270.864
3.07585	263.857
3.10249	262.54
3.1088	263.831
3.12664	263.645
3.14725	263.115
3.15019	264.8
3.15621	266.092
3.16815	266.63
3.17109	268.294
3.17406	269.949
3.1889	270.096
3.19794	270.968
3.20085	272.607
3.2038	274.236
3.20998	275.449
3.21905	276.287
3.23998	275.621
3.24288	277.223
3.29718	272.456
3.30026	274
3.3689	267.764
3.37475	268.946
3.3807	270.111
3.42276	267.149
3.47627	263.045
3.47917	264.507
3.4852	265.624
3.49413	266.419
3.51754	265.644
3.52641	266.436
3.54139	266.567
3.54431	267.985
3.57115	266.847
3.58893	266.68
3.59487	267.754
3.65413	263.327
3.66014	264.374
3.66609	265.422
3.66901	266.773
3.67522	267.786
3.69565	267.352
3.72877	265.662
3.73463	266.689
3.77941	263.901
3.78236	265.195
3.79451	265.595
3.79745	266.881
3.80035	268.168
3.81523	268.287
3.82994	268.421
3.83887	269.11
3.84185	270.368
3.8478	271.335
3.87479	270.274
3.90505	268.924
3.90805	270.152
3.92294	270.255
3.93478	270.643
3.94101	271.553
3.94393	272.77
3.95584	273.138
3.95874	274.349
3.98591	273.283
3.99506	273.9
4.00418	274.516
4.00721	275.693
4.02227	275.75
4.02808	276.661
4.06068	275.103
4.06392	276.239
4.07916	276.275
4.12363	273.687
4.12655	274.83
4.1685	272.521
4.17761	273.108
4.20135	272.422
4.21319	272.768
4.23092	272.606
4.2368	273.457
4.24584	274.035
4.2787	272.586
4.28165	273.672
4.2906	274.249
4.30238	274.583
4.3381	272.916
4.34104	273.984
4.34716	274.784
4.37391	273.874
4.37711	274.907
4.38307	275.711
4.43338	272.892
4.4454	273.197
4.46912	272.566
4.51083	270.532
4.52589	270.603
4.52885	271.613
4.54072	271.927
4.54367	272.932
4.54664	273.935
4.56167	273.992
4.5647	274.984
4.58267	274.808
4.58574	275.79
4.60952	275.162
4.61533	275.925
4.64533	274.825
4.65118	275.577
4.66027	276.08
4.67555	276.108
4.70223	275.274
4.70517	276.234
4.71692	276.526
4.74098	275.895
4.74987	276.399
4.75278	277.347
4.756	278.271
4.75891	279.216
4.76185	280.158
4.76809	280.849
4.80377	279.332
4.83093	278.469
4.8427	278.743
4.85726	278.812
4.86028	279.724
4.86325	280.638
4.88435	280.221
4.89027	280.913
4.89961	281.353
4.92674	280.499
4.9328	281.173
4.94178	281.634
4.94765	282.317
4.95677	282.764
4.95967	283.658
4.96261	284.548
4.96559	285.434
4.96853	286.321
4.97755	286.763
4.98933	287.002
5.00423	287.013
5.00715	287.892
5.0315	287.217
5.05227	286.806
5.09073	285.147
5.09952	285.594
5.10242	286.455
5.12314	286.059
5.13505	286.282
5.15596	285.877
5.1677	286.111
5.18253	286.129
5.19436	286.355
5.21226	286.161
5.2152	286.996
5.21814	287.829
5.2211	288.659
5.2273	289.264
5.26644	287.606
5.29008	287.022
5.31063	286.651
5.32594	286.635
5.34379	286.45
5.34678	287.255
5.34972	288.063
5.36186	288.254
5.37382	288.455
5.39768	287.866
5.40365	288.463
5.41248	288.869
5.43094	288.638
5.44637	288.608
5.45229	289.201
5.47903	288.431
5.48817	288.81
5.49123	289.583
5.51544	288.981
5.51834	289.759
5.53023	289.954
5.55994	289.003
5.57179	289.201
5.59565	288.634
5.60159	289.205
5.61044	289.591
5.64038	288.644
5.6433	289.401
5.66118	289.216
5.71244	286.964
5.7393	286.243
5.74809	286.626
5.75422	287.171
5.76007	287.731
5.77484	287.745
5.77776	288.481
5.7839	289.019
5.79292	289.38
5.79587	290.109
5.80763	290.3
5.84705	288.816
5.87737	287.898
5.91628	286.485
5.91923	287.198
5.92218	287.91
5.92549	288.6
5.93137	289.137
5.93758	289.653
5.9642	288.964
5.97308	289.32
5.98196	289.674
5.99084	290.028
6.00569	290.031
6.0773	286.761
6.08933	286.934
6.10473	286.914
6.11361	287.264
6.13738	286.771
6.14029	287.456
6.14917	287.802
6.15823	288.137
6.17011	288.312
6.17604	288.821
6.18206	289.323
6.21193	288.487
6.21485	289.159
6.21775	289.833
6.25024	288.853
6.2741	288.361
6.2921	288.195
6.2951	288.854
6.30095	289.354
6.30739	289.821
6.34872	288.377
6.35467	288.867
6.35759	289.522
6.3814	289.04
6.40227	288.72
6.42008	288.567
6.42605	289.05
6.43527	289.357
6.47114	288.24
6.49488	287.777
6.5008	288.257
6.50376	288.892
6.51259	289.215
6.55731	287.653
6.57547	287.489
6.57837	288.119
6.58757	288.42
6.59933	288.588
6.61737	288.429
6.63202	288.445
6.6529	288.142
6.67056	288.005
6.67369	288.613
6.68273	288.916
6.68904	289.359
6.69203	289.97
6.69808	290.424
6.70105	291.036
6.71286	291.191
6.73646	290.743
6.74829	290.897
6.7631	290.899
6.79647	289.963
6.8025	290.409
6.80559	291.004
6.81456	291.3
6.84445	290.543
6.85045	290.987
6.91886	288.333
6.94904	287.591
6.95795	287.888
6.99645	286.752
7.00523	287.054
7.00814	287.639
7.01423	288.069
7.02926	288.067
7.041	288.224
7.05289	288.373
7.05595	288.944
7.06791	289.088
7.0769	289.373
7.07988	289.946
7.1038	289.515
7.10992	289.935
7.13094	289.643
7.1398	289.931
7.17533	288.955
7.18725	289.098
7.19019	289.663
7.19315	290.226
7.20189	290.515
7.20804	290.927
7.21112	291.482
7.22297	291.622
7.22592	292.182
7.26166	291.197
7.26457	291.755
7.28255	291.607
7.30055	291.458
7.30658	291.868
7.31267	292.273
7.32144	292.553
7.32737	292.965
7.33026	293.517
7.33607	293.933
7.34488	294.208
7.34779	294.757
7.38982	293.486
7.40476	293.475
7.41063	293.884
7.41364	294.423
7.44666	293.579
7.44978	294.111
7.47661	293.555
7.48258	293.954
7.48554	294.49
7.49446	294.753
7.5152	294.475
7.56313	292.973
7.56612	293.501
7.57204	293.896
7.57496	294.427
7.60487	293.743
7.60784	294.268
7.61379	294.659
7.65227	293.597
7.67322	293.321
7.68216	293.576
7.70922	293.033
7.72086	293.169
7.739	293.02
7.78662	291.591
7.80784	291.314
7.81078	291.826
7.81392	292.329
7.81685	292.841
7.81974	293.353
7.86193	292.172
7.87378	292.297
7.87969	292.677
7.88884	292.916
7.9329	291.67
7.95354	291.424
7.95649	291.924
7.95942	292.426
7.96848	292.667
7.98033	292.79
8.05821	290.154
8.07305	290.156
8.07625	290.638
8.09112	290.638
8.10666	290.61
8.11599	290.838
8.13061	290.848
8.13374	291.329
8.15175	291.198
8.1605	291.447
8.16341	291.935
8.18704	291.574
8.21676	290.968
8.22861	291.089
8.24638	290.971
8.2552	291.214
8.26109	291.575
8.27	291.814
8.29975	291.212
8.30267	291.69
8.31154	291.929
8.32041	292.167
8.32925	292.405
8.3409	292.53
8.35279	292.646
8.37659	292.285
8.3976	292.037
8.4005	292.509
8.40344	292.98
8.40636	293.45
8.42996	293.098
8.45082	292.855
8.45667	293.207
8.49214	292.39
8.50984	292.276
8.53076	292.036
8.53368	292.499
8.54583	292.601
8.54874	293.064
8.55785	293.283
8.56958	293.4
8.57546	293.745
8.59903	293.4
8.60523	293.731
8.65591	292.343
8.66501	292.56
8.67405	292.78
8.67995	293.12
8.69184	293.229
8.69772	293.568
8.71243	293.568
8.71553	294.013
8.71858	294.459
8.73347	294.451
8.73938	294.786
8.75451	294.768
8.76928	294.763
8.77529	295.093
8.78161	295.41
8.80239	295.176
8.81164	295.381
8.81473	295.819
8.83253	295.698
8.85021	295.581
8.86189	295.692
8.87376	295.796
8.89152	295.677
8.9394	294.431
8.94526	294.759
8.96592	294.536
8.97185	294.86
8.99261	294.634
8.99853	294.958
9.00448	295.28
9.02819	294.944
9.03405	295.269
9.0459	295.371
9.0547	295.586
9.0699	295.564
9.07283	295.995
9.07898	296.306
9.08801	296.51
9.09988	296.61
9.12067	296.381
9.12357	296.809
9.12951	297.126
9.13842	297.332
9.15038	297.427
9.15339	297.849
9.16808	297.842
9.17427	298.147
9.17719	298.571
9.1831	298.885
9.20077	298.767
9.2247	298.421
9.23647	298.52
9.24862	298.604
9.26373	298.581
9.26667	299
9.26983	299.41
9.27566	299.723
9.29685	299.477
9.29992	299.889
9.30307	300.298
9.30603	300.713
9.33576	300.156
9.36248	299.711
9.38945	299.26
9.39273	299.66
9.40445	299.756
9.40739	300.168
9.41049	300.573
9.41656	300.871
9.43128	300.858
9.45194	300.632
9.48734	299.883
9.49033	300.289
9.49335	300.693
9.55935	298.869
9.56517	299.172
9.56847	299.563
9.57453	299.857
9.58042	300.156
9.58633	300.454
9.5923	300.75
9.59821	301.047
9.60703	301.242
9.60997	301.643
9.61292	302.043
9.63076	301.918
9.64265	302.003
9.66636	301.674
9.70837	300.71
9.71127	301.107
9.7232	301.191
9.735	301.279
9.73797	301.674
9.74092	302.068
9.74389	302.462
9.7469	302.853
9.77118	302.506
9.80096	301.97
9.81272	302.058
9.82185	302.236
9.82477	302.627
9.84552	302.405
9.87567	301.861
9.89656	301.637
9.91177	301.607
9.98072	299.763
9.98362	300.149
9.9866	300.532
9.99559	300.713
10.0017	300.99
10.0138	301.066
10.0344	300.856
10.0432	301.042
10.0668	300.734
10.0698	301.112
10.0877	300.994
10.1148	300.571
10.1207	300.852
10.1385	300.738
10.1506	300.813
10.1596	300.989
10.2015	300.084
10.2375	299.379
10.2646	298.967
10.3028	298.2
10.3385	297.519
10.3894	296.361
10.416	295.981
10.4277	296.072
10.4308	296.435
10.4337	296.803
10.4816	295.754
10.4846	296.118
10.4939	296.284
10.5028	296.462
10.5175	296.458
10.5357	296.344
10.5595	296.057
10.5656	296.321
10.5773	296.411
10.6009	296.131
10.6604	294.747
10.6723	294.832
10.6812	295.008
10.6872	295.272
10.6993	295.35
10.7262	294.975
10.7381	295.059
10.7443	295.316
10.7532	295.49
10.759	295.758
10.7709	295.841
10.7832	295.91
10.8189	295.272
10.8544	294.643
10.8691	294.642
10.8955	294.291
10.9314	293.659
10.9792	292.681
10.991	292.768
11.0058	292.767
11.0265	292.593
11.0354	292.764
11.0771	291.978
11.0918	291.981
11.1006	292.155
11.1214	291.981
11.1571	291.377
11.1601	291.718
11.1749	291.718
11.1808	291.974
11.1897	292.144
11.1926	292.486
11.2429	291.467
11.2665	291.217
11.2756	291.38
11.3024	291.04
11.3085	291.288
11.3205	291.368
11.3446	291.106
11.3536	291.271
11.3566	291.605
11.3625	291.857
11.3713	292.026
11.3773	292.275
11.3983	292.099
11.4042	292.35
11.4252	292.175
11.4311	292.425
11.4457	292.43
11.4697	292.171
11.4726	292.504
11.4905	292.416
11.5203	291.997
11.5323	292.074
11.5413	292.236
11.5471	292.486
11.5771	292.063
11.5947	291.985
11.6124	291.905
11.6662	290.833
11.687	290.67
11.7253	290.032
11.7577	289.558
11.7665	289.724
11.7755	289.883
11.7814	290.126
11.7844	290.447
11.7874	290.769
11.7993	290.848
11.8025	291.164
11.8293	290.841
11.8381	291.004
11.8412	291.32
11.886	290.515
11.889	290.833
11.8919	291.153
11.9009	291.31
11.9187	291.23
11.9278	291.384
11.9458	291.299
11.9546	291.46
11.9605	291.698
11.9903	291.299
12.0173	290.976
12.1031	289.109
12.1299	288.799
12.1534	288.577
12.1623	288.735
12.189	288.431
12.1951	288.66
12.198	288.973
12.2128	288.976
12.2186	289.213
12.2335	289.214
12.2425	289.367
12.2578	289.358
12.2668	289.511
12.2907	289.28
12.2937	289.586
12.2966	289.896
12.3024	290.13
12.3054	290.437
12.3229	290.369
12.344	290.209
12.3471	290.512
12.359	290.588
12.3678	290.744
12.3769	290.891
12.401	290.654
12.4098	290.81
12.4455	290.278
12.469	290.059
12.4781	290.206
12.481	290.51
12.484	290.811
12.49	291.036
12.5049	291.035
12.5315	290.737
12.5373	290.966
12.5941	289.909
12.6059	289.987
12.6207	289.989
12.6266	290.215
12.6622	289.697
12.6771	289.698
12.692	289.698
12.7131	289.544
12.74	289.248
12.7431	289.54
12.7461	289.835
12.7491	290.13
12.7642	290.125
12.7762	290.196
12.7792	290.49
12.7999	290.346
12.8149	290.343
12.8179	290.636
12.8267	290.786
12.8297	291.078
12.8356	291.299
12.8417	291.515
12.8653	291.298
12.8714	291.513
12.9012	291.145
12.9071	291.364
12.9192	291.431
12.9282	291.574
12.9341	291.793
12.946	291.864
12.9636	291.795
12.9904	291.502
12.9934	291.791
13.0232	291.425
13.0352	291.494
13.0413	291.706
13.0562	291.704
13.0711	291.702
13.1453	290.27
13.1514	290.48
13.1576	290.688
13.1607	290.971
13.1637	291.255
13.1755	291.328
13.2319	290.334
13.2379	290.545
13.2587	290.404
13.2617	290.687
13.2882	290.41
13.3064	290.332
13.3243	290.26
13.3598	289.774
13.3747	289.774
13.3806	289.986
13.3955	289.986
13.4075	290.054
13.4105	290.333
13.4163	290.546
13.4254	290.681
13.4555	290.324
13.4644	290.464
13.4821	290.398
13.497	290.398
13.5896	288.598
13.6132	288.4
13.6252	288.468
13.6281	288.745
13.6373	288.877
13.6697	288.478
13.6726	288.754
13.6908	288.68
13.6968	288.885
13.7088	288.952
13.7326	288.75
13.7595	288.479
13.7627	288.746
13.7745	288.818
13.7952	288.688
13.804	288.828
13.81	289.03
13.8369	288.76
13.8427	288.967
13.8459	289.232
13.864	289.161
13.8729	289.297
13.879	289.496
13.894	289.494
13.9001	289.693
13.9121	289.758
13.9239	289.828
13.9653	289.234
13.9712	289.436
14.0393	288.252
14.0511	288.322
14.057	288.524
14.0687	288.596
14.0952	288.341
14.1101	288.343
14.113	288.61
14.1278	288.613
14.1398	288.679
14.1489	288.808
14.1519	289.071
14.1665	289.079
14.1813	289.082
14.2111	288.756
14.217	288.955
14.2229	289.153
14.2321	289.279
14.247	289.28
14.25	289.541
14.2767	289.283
14.2796	289.546
14.3065	289.285
14.3311	289.074
14.3487	289.017
14.3548	289.209
14.3873	288.828
14.3932	289.024
14.3991	289.22
14.4593	288.244
14.4652	288.439
14.48	288.443
14.4921	288.505
14.5009	288.637
14.5158	288.638
14.5246	288.77
14.5456	288.641
14.5518	288.829
14.5849	288.442
14.6651	287.06
14.6681	287.314
14.6741	287.505
14.6833	287.627
14.6952	287.693
14.6981	287.949
14.7249	287.7
14.7516	287.455
14.7547	287.705
14.7577	287.957
14.7905	287.584
14.8173	287.338
14.832	287.345
14.844	287.408
14.8649	287.286
14.8708	287.476
14.8831	287.533
14.8861	287.783
14.9132	287.532
14.9551	286.976
14.9669	287.043
15.0059	286.551
15.0243	286.483
15.0272	286.732
15.0365	286.851
15.0395	287.098
15.0514	287.162
15.0545	287.407
15.0664	287.471
15.0755	287.593
15.0814	287.78
15.0845	288.024
15.1175	287.655
15.1381	287.541
15.1683	287.232
15.1743	287.416
15.1805	287.596
15.1895	287.718
15.2017	287.775
15.205	288.013
15.2265	287.881
15.2295	288.125
15.2684	287.641
15.2714	287.884
15.2744	288.127
15.2802	288.313
15.3013	288.189
15.3044	288.429
15.3282	288.251
15.3311	288.495
15.3432	288.553
15.3557	288.603
15.3616	288.786
15.3708	288.902
15.38	289.018
15.3831	289.257
15.389	289.439
15.3952	289.615
15.401	289.799
15.41	289.918
15.4218	289.98
15.4277	290.162
15.4306	290.404
15.4396	290.522
15.4427	290.76
15.4456	291.001
15.4548	291.115
15.4728	291.051
15.4847	291.111
15.4876	291.351
15.5118	291.163
15.515	291.397
15.5268	291.458
15.5298	291.696
15.5362	291.865
15.5482	291.921
15.5513	292.157
15.5605	292.269
15.5664	292.448
15.5693	292.687
15.5725	292.92
