1.06036	0
1.06335	733.447
1.0905	261.501
1.09937	309.234
1.10533	360.978
1.12894	302.182
1.15871	256
1.16455	282.379
1.18541	270.106
1.18832	297.111
1.19128	322.822
1.19712	340.255
1.203	356.191
1.22711	331.034
1.23294	344.655
1.25076	335.23
1.25396	351.756
1.26331	356.765
1.28446	342.555
1.2967	343.086
1.30255	352.524
1.31745	348.936
1.32948	349.386
1.37427	313.626
1.37717	324.294
1.38329	331.461
1.41299	315.923
1.42821	314.606
1.43118	323.665
1.43426	332.484
1.443	336.152
1.45485	336.999
1.46729	337.311
1.4792	338.028
1.51223	322.976
1.5273	321.812
1.53943	322.676
1.54834	325.619
1.56331	324.523
1.56919	329.236
1.59013	324.403
1.59918	326.959
1.61105	327.752
1.64068	318.508
1.65866	316.168
1.66745	318.694
1.67036	324.229
1.68563	323.225
1.70965	317.944
1.72437	317.404
1.73356	319.479
1.73662	324.401
1.77503	313.057
1.78127	316.326
1.79332	317.017
1.80214	319.063
1.80801	322.324
1.83191	317.955
1.85274	315.059
1.85566	319.318
1.86767	319.917
1.89131	316.028
1.89723	318.944
1.9209	315.204
1.92675	318.053
1.93559	319.77
1.96294	314.883
1.97176	316.57
1.97767	319.231
1.99253	318.778
2.01362	316.265
2.04324	311.144
2.04616	314.595
2.04905	318.035
2.06686	316.703
2.10844	308.284
2.14702	301.333
2.17644	297.271
2.17945	300.324
2.19433	300.193
2.23286	294.028
2.23583	296.953
2.25657	295.419
2.25946	298.303
2.27134	298.942
2.27431	301.763
2.27721	304.587
2.28311	306.645
2.28616	309.4
2.30115	309.145
2.31007	310.392
2.31299	313.111
2.31597	315.802
2.34601	311.792
2.34906	314.401
2.36108	314.816
2.36402	317.414
2.36697	319.998
2.37592	321.102
2.38816	321.395
2.4388	312.74
2.4417	315.205
2.49285	306.983
2.50466	307.463
2.50764	309.81
2.53425	307.153
2.59947	296.963
2.61416	296.936
2.62001	298.589
2.62308	300.763
2.63779	300.697
2.6407	302.873
2.64379	305.006
2.64988	306.552
2.65311	308.639
2.65926	310.151
2.6802	308.811
2.70965	305.921
2.74216	302.582
2.75699	302.484
2.76289	303.97
2.76877	305.45
2.77174	307.441
2.7747	309.427
2.78352	310.348
2.78647	312.317
2.80715	311.095
2.82797	309.877
2.83094	311.794
2.83385	313.715
2.84303	314.521
2.85486	314.855
2.88803	311.51
2.89687	312.361
2.93241	308.744
2.93845	310.049
2.95019	310.409
2.9619	310.769
2.97066	311.604
2.97671	312.872
2.99446	312.235
3.00035	313.512
3.01496	313.379
3.02102	314.612
3.0356	314.477
3.05643	313.361
3.05939	315.056
3.06835	315.8
3.10164	312.771
3.14049	309.011
3.14357	310.626
3.15849	310.476
3.16722	311.239
3.17023	312.84
3.17325	314.436
3.19412	313.386
3.20021	314.512
3.20314	316.096
3.23332	313.697
3.23669	315.194
3.25472	314.574
3.26358	315.268
3.27232	315.975
3.32307	310.804
3.33188	311.499
3.34403	311.733
3.35867	311.627
3.36478	312.674
3.38263	312.132
3.39457	312.386
3.43631	308.721
3.43921	310.158
3.46011	309.259
3.46906	309.902
3.47497	310.931
3.51996	307.005
3.55575	304.336
3.5646	304.985
3.57679	305.224
3.57976	306.577
3.60366	305.396
3.60955	306.384
3.61251	307.72
3.63641	306.543
3.64227	307.52
3.64519	308.842
3.65423	309.431
3.65714	310.746
3.67827	309.889
3.68414	310.841
3.69917	310.708
3.71697	310.253
3.72585	310.839
3.74064	310.736
3.75862	310.267
3.78265	309.116
3.78556	310.37
3.79143	311.284
3.79438	312.526
3.79735	313.764
3.82996	311.632
3.84502	311.498
3.87215	310.031
3.8783	310.886
3.88719	311.436
3.9141	310.015
3.96196	306.394
3.97374	306.637
3.98574	306.856
4.00354	306.468
4.00647	307.629
4.03912	305.709
4.04507	306.546
4.04799	307.691
4.05682	308.226
4.06862	308.453
4.09	307.702
4.10471	307.635
4.11052	308.464
4.11631	309.293
4.13701	308.617
4.16352	307.373
4.16645	308.473
4.22625	304.015
4.2439	303.687
4.25594	303.894
4.29436	301.622
4.29756	302.657
4.30049	303.716
4.30638	304.495
4.32129	304.428
4.33618	304.363
4.35097	304.308
4.36319	304.489
4.36907	305.253
4.39553	304.128
4.40439	304.613
4.46665	300.318
4.48437	300.025
4.49049	300.749
4.50818	300.459
4.5111	301.456
4.5232	301.65
4.53817	301.594
4.55913	301.022
4.56519	301.734
4.56815	302.71
4.57698	303.178
4.59169	303.138
4.63614	300.58
4.66269	299.565
4.68632	298.805
4.69509	299.272
4.69805	300.215
4.70749	300.622
4.71042	301.564
4.73754	300.515
4.74639	300.965
4.76423	300.682
4.76748	301.583
4.7764	302.022
4.82658	299.147
4.84138	299.118
4.89188	296.306
4.89789	296.967
4.90951	297.192
4.92448	297.159
4.95129	296.222
4.95435	297.098
4.98671	295.751
4.98987	296.612
5.01644	295.713
5.02525	296.145
5.04589	295.695
5.06097	295.661
5.08201	295.188
5.0849	296.049
5.0939	296.459
5.12742	295.079
5.14231	295.061
5.1749	293.775
5.17798	294.604
5.19614	294.355
5.20504	294.765
5.20813	295.586
5.2111	296.415
5.21404	297.244
5.22902	297.213
5.24981	296.769
5.25273	297.592
5.25573	298.409
5.27945	297.755
5.30642	296.882
5.30947	297.685
5.31545	298.282
5.31862	299.073
5.32463	299.665
5.33664	299.833
5.34263	300.422
5.34847	301.02
5.35449	301.604
5.36033	302.198
5.36322	302.999
5.39325	301.897
5.411	301.658
5.42566	301.635
5.44625	301.204
5.4582	301.367
5.46121	302.142
5.47622	302.094
5.4852	302.457
5.54761	299.215
5.58311	297.822
5.59212	298.183
5.60446	298.324
5.61924	298.305
5.62549	298.842
5.6285	299.59
5.63749	299.946
5.65839	299.522
5.67317	299.499
5.70568	298.334
5.72063	298.304
5.72374	299.03
5.74469	298.616
5.74778	299.34
5.75074	300.072
5.75668	300.612
5.77434	300.402
5.78621	300.561
5.80128	300.517
5.81604	300.493
5.8399	299.897
5.84286	300.614
5.84588	301.327
5.85507	301.65
5.90888	299.195
5.91777	299.536
5.94487	298.759
5.97503	297.806
5.98676	297.973
6.01092	297.392
6.02593	297.363
6.04696	296.976
6.07358	296.261
6.08535	296.427
6.17196	292.251
6.17784	292.76
6.21349	291.573
6.21648	292.242
6.23702	291.917
6.24892	292.08
6.26364	292.084
6.27835	292.088
6.28746	292.405
6.29622	292.741
6.32894	291.743
6.33193	292.397
6.34667	292.399
6.36729	292.077
6.37021	292.73
6.40269	291.759
6.42359	291.428
6.43243	291.752
6.4562	291.268
6.48002	290.785
6.49486	290.786
6.50111	291.246
6.51316	291.394
6.54307	290.593
6.54608	291.221
6.54918	291.843
6.55216	292.471
6.55516	293.097
6.60891	291.037
6.62069	291.198
6.62653	291.668
6.64147	291.661
6.64446	292.279
6.66803	291.821
6.68597	291.658
6.73384	289.959
6.74588	290.105
6.76072	290.108
6.76666	290.563
6.79319	289.972
6.7961	290.578
6.81691	290.278
6.87426	288.158
6.89795	287.729
6.90093	288.322
6.9039	288.914
6.90698	289.501
6.91279	289.951
6.92769	289.951
6.93352	290.399
6.93939	290.843
6.94233	291.432
6.94831	291.87
7.00503	289.812
7.00814	290.387
7.03776	289.671
7.04071	290.25
7.0586	290.105
7.09693	288.979
7.11169	288.988
7.11774	289.412
7.14745	288.71
7.15049	289.275
7.17109	289.007
7.18624	288.997
7.22206	288.019
7.228	288.442
7.23677	288.731
7.28167	287.342
7.28764	287.761
7.30554	287.628
7.30853	288.181
7.31435	288.603
7.33229	288.467
7.36225	287.781
7.37421	287.92
7.37721	288.467
7.38611	288.744
7.40987	288.344
7.41894	288.612
7.42789	288.885
7.44273	288.89
7.44882	289.291
7.46364	289.296
7.49944	288.359
7.51764	288.215
7.55634	287.163
7.57422	287.038
7.58592	287.186
7.59471	287.46
7.6067	287.594
7.61253	287.997
7.6155	288.525
7.63329	288.402
7.63935	288.792
7.64827	289.057
7.66307	289.063
7.66893	289.461
7.67188	289.985
7.68098	290.238
7.68985	290.502
7.7051	290.485
7.72286	290.359
7.74659	289.975
7.77328	289.466
7.78502	289.603
7.82099	288.701
7.87174	287.185
7.92863	285.436
7.93185	285.931
7.93777	286.313
7.96846	285.666
7.98072	285.784
7.99555	285.796
8.00448	286.051
8.0223	285.939
8.03109	286.198
8.04314	286.323
8.07909	285.472
8.09386	285.487
8.10268	285.743
8.10564	286.236
8.1086	286.728
8.11155	287.221
8.15899	285.91
8.16211	286.393
8.18883	285.925
8.22739	284.99
8.24518	284.886
8.26603	284.661
8.27195	285.026
8.28978	284.921
8.32538	284.12
8.34026	284.132
8.34915	284.379
8.39616	283.146
8.40199	283.509
8.40514	283.975
8.42292	283.876
8.43467	284.01
8.45276	283.899
8.46183	284.135
8.471	284.366
8.48878	284.267
8.49174	284.735
8.49473	285.201
8.53302	284.318
8.55093	284.215
8.5598	284.455
8.57467	284.467
8.58073	284.812
8.59868	284.707
8.61415	284.696
8.62019	285.04
8.62903	285.278
8.64081	285.404
8.66475	285.074
8.70062	284.301
8.70656	284.645
8.70979	285.09
8.73035	284.889
8.73333	285.341
8.7393	285.682
8.75121	285.801
8.75412	286.254
8.76004	286.595
8.76908	286.819
8.77508	287.156
8.80481	286.612
8.82877	286.284
8.83206	286.718
8.85556	286.408
8.86742	286.526
8.87924	286.646
8.88811	286.873
8.89144	287.302
8.92441	286.647
8.92732	287.09
8.94237	287.09
8.95729	287.095
8.98416	286.667
9.03736	285.297
9.04632	285.518
9.05801	285.64
9.12373	283.849
9.12677	284.277
9.13601	284.487
9.13919	284.909
9.15711	284.812
9.20724	283.59
9.21015	284.019
9.21309	284.446
9.222	284.665
9.22807	284.982
9.23707	285.197
9.24007	285.62
9.24306	286.044
9.24904	286.362
9.27297	286.054
9.31163	285.238
9.32089	285.441
9.32387	285.86
9.33871	285.87
9.36285	285.559
9.38068	285.466
9.39848	285.375
9.42869	284.861
9.43456	285.177
9.48187	284.089
9.49079	284.301
9.5239	283.699
9.52981	284.011
9.55652	283.627
9.57149	283.635
9.59558	283.341
9.61039	283.356
9.61636	283.663
9.62519	283.874
9.64012	283.884
9.65483	283.901
9.66365	284.112
9.70242	283.337
9.72339	283.15
9.73243	283.353
9.75347	283.164
9.85213	280.479
9.85807	280.781
9.87887	280.608
9.89365	280.628
9.90839	280.648
9.93496	280.295
9.93801	280.685
9.94413	280.978
9.99187	279.96
10.0007	280.167
10.0364	279.534
10.0423	279.831
10.0481	280.131
10.0721	279.865
10.1044	279.343
10.1133	279.546
10.1282	279.563
10.1342	279.854
10.158	279.597
10.1699	279.706
10.2055	279.089
10.235	278.663
10.2498	278.684
10.2679	278.606
10.2769	278.802
10.2953	278.715
10.2983	279.092
10.3014	279.465
10.3255	279.205
10.3524	278.861
10.3613	279.059
10.3883	278.714
10.4092	278.554
10.418	278.753
10.4211	279.122
10.4271	279.405
10.4333	279.681
10.4452	279.786
10.4571	279.892
10.4722	279.902
10.4876	279.903
10.4995	280.007
10.5113	280.115
10.5173	280.394
10.5232	280.675
10.547	280.427
10.5652	280.344
10.5745	280.524
10.5777	280.884
10.5807	281.249
10.5954	281.268
10.5987	281.624
10.6045	281.905
10.6134	282.095
10.6193	282.372
10.6222	282.738
10.6251	283.104
10.6373	283.195
10.6435	283.462
10.6465	283.824
10.6653	283.718
10.7012	283.11
10.7103	283.291
10.7375	282.941
10.7467	283.118
10.7526	283.391
10.7622	283.556
10.7801	283.479
10.783	283.838
10.7889	284.11
10.8068	284.032
10.8193	284.11
10.8341	284.122
10.8372	284.474
10.8469	284.633
10.8504	284.973
10.8539	285.312
10.8569	285.665
10.8599	286.019
10.8634	286.357
10.8667	286.701
10.8696	287.057
10.8731	287.394
10.8766	287.732
10.8798	288.078
10.8831	288.421
10.8861	288.772
10.8891	289.124
10.8925	289.463
