1.06031	0
1.0633	734.694
1.06935	724.225
1.07225	873.904
1.08427	643.575
1.11169	398.01
1.14218	305.805
1.16863	271.918
1.1807	280.337
1.18958	294.189
1.21073	281.782
1.21692	297.931
1.2376	287.712
1.24685	296.468
1.2498	314.378
1.27387	299.376
1.28864	298.936
1.3217	277.887
1.32764	287.766
1.3364	294.215
1.34523	300.198
1.34829	311.892
1.35752	316.694
1.39306	296.031
1.42625	281.105
1.44113	281.463
1.46779	273.704
1.47688	278.072
1.49764	274.772
1.51552	273.477
1.52732	275.803
1.56605	263.296
1.56901	270.216
1.57199	277.047
1.57813	282.076
1.58109	288.731
1.59274	290.518
1.59584	296.869
1.59875	303.253
1.60749	306.288
1.64905	292.074
1.69125	279.444
1.71835	274.522
1.7422	271.27
1.77503	264.879
1.78101	268.66
1.78391	273.534
1.79574	275.003
1.79865	279.751
1.81644	278.886
1.82527	281.305
1.83732	282.498
1.85506	281.631
1.86414	283.816
1.89086	279.9
1.90311	280.954
1.90602	285.081
1.91782	286.192
1.9536	279.587
1.98661	274.303
2.0227	268.523
2.05807	263.349
2.06113	266.85
2.07281	268.035
2.07573	271.509
2.08469	273.346
2.09679	274.32
2.09969	277.702
2.11443	277.916
2.12928	278.096
2.13549	280.501
2.1414	282.957
2.14729	285.392
2.19195	277.965
2.1949	281.042
2.20675	281.903
2.20965	284.943
2.23922	281.469
2.24506	283.722
2.25113	285.899
2.26923	285.193
2.27835	286.601
2.28144	289.407
2.29629	289.425
2.3054	290.774
2.30848	293.511
2.33525	290.743
2.34129	292.74
2.36799	290.072
2.37094	292.71
2.38585	292.676
2.4215	288.194
2.43045	289.462
2.44228	290.109
2.45101	291.391
2.45401	293.859
2.46575	294.476
2.47758	295.065
2.51295	290.863
2.53366	289.709
2.53675	292.024
2.54846	292.628
2.55434	294.364
2.61463	285.742
2.62063	287.409
2.66817	281.608
2.69185	280.171
2.70062	281.305
2.70651	282.92
2.74231	279.472
2.76642	278.057
2.81367	273.036
2.81676	275.012
2.82568	276.068
2.85835	273.459
2.8613	275.406
2.86738	276.868
2.88525	276.525
2.91811	273.963
2.94513	272.33
2.96019	272.445
2.96614	273.859
2.97218	275.251
2.97518	277.073
2.99952	275.825
3.00246	277.629
3.02958	276.002
3.05049	275.274
3.05964	276.173
3.07224	276.59
3.09292	275.903
3.10485	276.405
3.1195	276.536
3.13461	276.604
3.16776	274.307
3.17079	275.957
3.17982	276.819
3.18904	277.648
3.19514	278.877
3.23099	276.264
3.24291	276.734
3.27282	274.948
3.30269	273.214
3.31148	274.065
3.33221	273.467
3.34454	273.882
3.35672	274.31
3.38638	272.671
3.40412	272.451
3.41282	273.278
3.41873	274.424
3.42163	275.915
3.4305	276.704
3.43642	277.831
3.44828	278.26
3.45126	279.718
3.45416	281.182
3.47523	280.518
3.48414	281.269
3.4991	281.315
3.50212	282.734
3.56417	277.459
3.57026	278.506
3.59739	277.232
3.62149	276.311
3.62445	277.675
3.62746	279.031
3.6394	279.413
3.67538	277.223
3.6783	278.563
3.68434	279.567
3.70201	279.333
3.71664	279.42
3.72248	280.429
3.72841	281.424
3.77005	278.696
3.78177	279.083
3.78466	280.371
3.80246	280.127
3.81129	280.798
3.82068	281.407
3.82963	282.057
3.85625	280.917
3.86508	281.573
3.86798	282.819
3.91871	279.315
3.96649	276.212
3.97257	277.118
3.97548	278.322
3.97849	279.514
3.99326	279.579
4.0054	279.893
4.0085	281.063
4.0114	282.25
4.03835	281.147
4.08908	277.868
4.11296	277.11
4.13065	276.92
4.17817	274.088
4.20498	273.126
4.21678	273.473
4.23145	273.57
4.25821	272.633
4.28529	271.684
4.29764	271.982
4.32166	271.304
4.32475	272.369
4.34005	272.416
4.34619	273.221
4.3581	273.544
4.37595	273.374
4.38494	273.934
4.388	274.979
4.42979	272.853
4.43269	273.898
4.43559	274.942
4.46018	274.224
4.46314	275.255
4.46919	276.033
4.47808	276.578
4.49908	276.146
4.51728	275.942
4.52937	276.225
4.53819	276.766
4.55023	277.049
4.55627	277.806
4.58302	276.923
4.65188	272.82
4.67852	272.006
4.68458	272.742
4.71114	271.942
4.72	272.464
4.741	272.083
4.76794	271.272
4.79475	270.482
4.80066	271.209
4.80659	271.932
4.83932	270.721
4.84531	271.433
4.85749	271.7
4.87226	271.781
4.87827	272.484
4.94101	269.194
4.94988	269.691
4.96164	269.985
4.97638	270.072
4.98225	270.768
4.99417	271.046
5.0001	271.734
5.00308	272.624
5.02383	272.287
5.06581	270.513
5.07173	271.19
5.08359	271.464
5.08942	272.143
5.10711	272.021
5.11005	272.889
5.12484	272.959
5.13701	273.204
5.15783	272.87
5.18759	271.95
5.19939	272.218
5.22033	271.887
5.22333	272.728
5.23226	273.179
5.25283	272.87
5.27069	272.738
5.27369	273.569
5.28266	274.01
5.28559	274.842
5.30341	274.706
5.36332	271.887
5.39916	270.638
5.4021	271.449
5.40792	272.079
5.42859	271.781
5.43161	272.581
5.43746	273.203
5.44663	273.616
5.45546	274.049
5.50287	272.098
5.52675	271.611
5.53565	272.036
5.5386	272.821
5.57758	271.424
5.58356	272.02
5.58975	272.602
5.59571	273.195
5.60461	273.611
5.61066	274.196
5.62265	274.422
5.62565	275.188
5.63803	275.387
5.65606	275.247
5.662	275.83
5.67138	276.205
5.68032	276.606
5.71004	275.767
5.71295	276.523
5.71934	277.07
5.72823	277.468
5.73727	277.855
5.75499	277.727
5.76687	277.943
5.77599	278.322
5.79089	278.358
5.79384	279.097
5.80894	279.119
5.81497	279.673
5.83888	279.178
5.84226	279.884
5.85119	280.264
5.88137	279.406
5.89613	279.446
5.90505	279.823
5.94409	278.472
5.96505	278.163
5.9889	277.694
6.00078	277.9
6.00994	278.258
6.01283	278.968
6.0158	279.672
6.03666	279.368
6.04845	279.574
6.05427	280.112
6.05742	280.8
6.11991	278.187
6.15525	277.106
6.18525	276.327
6.18816	277.013
6.19116	277.692
6.20016	278.046
6.20599	278.571
6.22707	278.27
6.23602	278.624
6.24781	278.823
6.25074	279.498
6.28085	278.713
6.29264	278.911
6.31672	278.455
6.3226	278.965
6.34077	278.823
6.34658	279.334
6.35851	279.52
6.40623	277.834
6.43277	277.266
6.43858	277.769
6.45662	277.641
6.47139	277.682
6.48922	277.565
6.49513	278.058
6.50133	278.535
6.522	278.272
6.54968	277.656
6.55886	277.978
6.5647	278.468
6.5956	277.694
6.61903	277.301
6.64899	276.588
6.65485	277.07
6.68792	276.21
6.73814	274.529
6.75609	274.422
6.79837	273.153
6.80138	273.762
6.81942	273.655
6.83442	273.692
6.86995	272.762
6.87288	273.368
6.88181	273.69
6.88767	274.156
6.89061	274.759
6.90855	274.655
6.92676	274.539
6.93289	274.987
6.97126	273.934
6.9742	274.528
6.97711	275.123
6.98321	275.568
7.00986	275.06
7.02191	275.229
7.06087	274.162
7.0639	274.743
7.07879	274.781
7.09383	274.812
7.11462	274.582
7.12066	275.021
7.12658	275.465
7.14141	275.503
7.14458	276.07
7.15061	276.505
7.15366	277.076
7.18408	276.405
7.19291	276.711
7.21353	276.486
7.22243	276.788
7.26765	275.468
7.29443	274.978
7.31822	274.623
7.35151	273.857
7.37547	273.502
7.39009	273.553
7.40785	273.468
7.41382	273.891
7.41698	274.434
7.42598	274.725
7.44091	274.759
7.44381	275.31
7.45609	275.457
7.46783	275.627
7.48894	275.394
7.50086	275.555
7.51611	275.573
7.53098	275.607
7.53979	275.899
7.5576	275.808
7.56641	276.098
7.5871	275.885
7.60798	275.665
7.61106	276.195
7.61979	276.485
7.62585	276.888
7.63179	277.295
7.63472	277.828
7.64385	278.099
7.65296	278.37
7.66197	278.644
7.67106	278.914
7.67398	279.444
7.68575	279.6
7.69184	279.994
7.71846	279.524
7.73646	279.417
7.75413	279.325
7.77808	278.973
7.81073	278.264
7.86462	276.695
7.86764	277.207
7.88846	276.994
7.89159	277.5
7.89768	277.884
7.93038	277.191
7.96006	276.625
7.96905	276.89
7.98954	276.695
7.99574	277.07
7.99868	277.575
8.00448	277.965
8.01947	277.987
8.03143	278.13
8.03463	278.621
8.04363	278.881
8.05252	279.144
8.06125	279.413
8.0731	279.557
8.08213	279.812
8.0852	280.305
8.10923	279.962
8.12414	279.983
8.14753	279.668
8.17114	279.348
8.17717	279.718
8.20697	279.156
8.23689	278.594
8.23982	279.082
8.24593	279.446
8.25776	279.587
8.26072	280.072
8.26975	280.32
8.28746	280.231
8.29046	280.712
8.33528	279.577
8.33822	280.057
8.36229	279.726
8.36534	280.2
8.37426	280.449
8.4013	280.005
8.42824	279.567
8.44332	279.581
8.45512	279.719
8.46116	280.075
8.50864	278.87
8.51155	279.34
8.51752	279.696
8.55968	278.7
8.56571	279.052
8.56914	279.499
8.57801	279.744
8.59595	279.651
8.59892	280.114
8.60193	280.575
8.60794	280.924
8.61966	281.06
8.64355	280.744
8.65832	280.767
8.67906	280.57
8.69401	280.586
8.70594	280.713
8.72098	280.726
8.72702	281.068
8.7601	280.422
8.77207	280.547
8.77498	281.001
8.78661	281.137
8.81936	280.507
8.82233	280.956
8.83115	281.193
8.84324	281.311
8.84626	281.757
8.88827	280.797
8.89133	281.239
8.9036	281.35
8.92126	281.267
8.94477	280.977
8.99885	279.607
9.00778	279.836
9.01653	280.072
9.08146	278.344
9.11373	277.765
9.1196	278.098
9.13127	278.232
9.1402	278.459
9.18166	277.569
9.19362	277.692
9.20854	277.714
9.21158	278.14
9.21447	278.571
9.22369	278.786
9.23273	279.006
9.32513	276.41
9.33101	276.736
9.35803	276.356
9.36093	276.779
9.40251	275.918
9.40553	276.336
9.41747	276.458
9.4204	276.877
9.42333	277.297
9.42627	277.716
9.43221	278.034
9.45303	277.86
9.45611	278.272
9.48588	277.802
9.48887	278.215
9.54229	276.973
9.55121	277.191
9.56021	277.405
9.57799	277.334
9.59285	277.357
9.60819	277.364
9.6262	277.286
9.63497	277.506
9.63796	277.913
9.66471	277.551
9.67936	277.58
9.6853	277.89
9.68829	278.294
9.69721	278.507
9.70323	278.813
9.72984	278.455
9.74175	278.571
9.7659	278.294
9.77776	278.411
9.78686	278.616
9.82004	278.054
9.82296	278.454
9.82591	278.853
9.82898	279.248
9.83787	279.457
9.87686	278.712
9.88298	279.008
9.88594	279.404
9.89483	279.611
9.90688	279.719
9.90998	280.109
9.91597	280.407
9.91893	280.801
9.96341	279.884
9.96632	280.277
9.97803	280.393
10.0021	280.122
10.005	280.514
10.0109	280.811
10.014	281.197
10.0228	281.402
10.0377	281.417
10.0553	281.346
10.0674	281.448
10.0764	281.646
10.0793	282.034
10.0971	281.957
10.1152	281.87
10.1185	282.245
10.1246	282.531
10.1368	282.627
10.1486	282.736
10.1605	282.841
10.1755	282.849
10.1784	283.233
10.1994	283.055
10.2565	281.767
10.2624	282.056
10.2686	282.335
10.2715	282.715
10.2744	283.095
10.2835	283.284
10.3073	283.022
10.3251	282.945
10.3874	281.518
10.3903	281.894
10.3992	282.088
10.4022	282.459
10.4052	282.831
10.4143	283.017
10.4262	283.119
10.4291	283.492
10.4446	283.484
10.4505	283.766
10.4566	284.042
10.4597	284.408
10.4809	284.226
10.4929	284.323
10.4958	284.693
10.5021	284.96
10.5111	285.146
10.5177	285.404
10.5267	285.589
10.5358	285.77
10.5602	285.491
10.5818	285.297
10.5966	285.308
10.6239	284.945
10.6297	285.224
10.6387	285.407
10.6419	285.762
10.6716	285.329
10.7194	284.364
10.7254	284.634
10.7284	284.993
10.7374	285.174
10.7406	285.526
10.7435	285.887
10.7615	285.801
10.7673	286.076
10.7704	286.429
10.7855	286.429
10.7946	286.605
10.8006	286.871
10.8035	287.229
10.8064	287.587
10.8094	287.942
10.8124	288.296
10.8245	288.381
10.8366	288.466
10.8556	288.347
10.8587	288.697
10.8621	289.037
10.8831	288.859
10.8919	289.04
10.8949	289.391
10.8977	289.748
10.9007	290.098
