1.0565	0
1.05947	737.201
1.07427	418.199
1.10668	244.206
1.11563	278.62
1.11857	332.512
1.13047	337.237
1.13647	364.953
1.15448	342.619
1.16322	354.712
1.18094	339.276
1.20186	320.54
1.24982	264.207
1.2793	248.837
1.30012	245.345
1.32689	237.119
1.32982	250.244
1.36255	237.716
1.40099	223.847
1.42478	221.139
1.47231	206.353
1.48705	209.302
1.48996	217.807
1.54013	204.226
1.54302	211.847
1.56377	211.698
1.58485	211.43
1.59081	217.126
1.60281	220.248
1.63229	216.493
1.64108	220.607
1.66203	220.111
1.68869	217.673
1.69465	222.389
1.71309	222.721
1.71611	228.226
1.74897	223.654
1.76374	225.086
1.77878	226.375
1.79407	227.534
1.80306	230.569
1.81501	232.624
1.824	235.517
1.8604	230.246
1.8692	233.058
1.875	236.672
1.89583	235.948
1.94065	228.896
1.97928	224.011
1.99147	225.705
2.01584	224.479
2.02164	227.596
2.06592	221.908
2.08081	222.897
2.11944	218.872
2.13154	220.422
2.14332	222.004
2.14935	224.725
2.15808	226.86
2.17882	226.518
2.18468	229.164
2.1936	231.16
2.19948	233.744
2.21742	233.853
2.23531	233.968
2.23826	237.032
2.25365	237.592
2.28598	234.865
2.30084	235.53
2.31264	236.754
2.33921	235.221
2.38076	231.112
2.38368	233.852
2.40449	233.448
2.41034	235.625
2.41633	237.76
2.42811	238.865
2.43729	240.402
2.44644	241.925
2.44941	244.505
2.47884	242.487
2.48469	244.515
2.51712	242.048
2.52883	243.055
2.54058	244.04
2.54662	245.946
2.56164	246.361
2.56768	248.232
2.57353	250.118
2.58823	250.538
2.59115	252.871
2.60604	253.229
2.66222	247.07
2.67105	248.393
2.67395	250.614
2.686	251.411
2.68894	253.6
2.69191	255.777
2.69481	257.958
2.69771	260.13
2.70671	261.327
2.71259	263.005
2.73663	261.815
2.75741	261.157
2.77252	261.375
2.77556	263.422
2.77849	265.479
2.85286	256.907
2.92423	249.415
2.9597	247.04
2.97759	246.988
2.98956	247.692
3.0371	243.934
3.06132	243.143
3.07403	243.751
3.07703	245.525
3.10361	244.449
3.12437	244.084
3.15721	242.327
3.16308	243.701
3.18986	242.668
3.19897	243.651
3.24633	240.359
3.26772	239.988
3.31329	237.06
3.32514	237.725
3.32813	239.312
3.38766	235.059
3.3935	236.319
3.42652	234.851
3.46263	233.124
3.47738	233.488
3.49208	233.852
3.49505	235.337
3.50098	236.531
3.51283	237.148
3.51573	238.624
3.52161	239.806
3.53083	240.657
3.53666	241.832
3.56047	241.258
3.56344	242.694
3.56636	244.131
3.57256	245.245
3.57548	246.674
3.61986	244.092
3.65595	242.366
3.65887	243.753
3.67071	244.301
3.67367	245.674
3.68582	246.181
3.73123	243.619
3.73413	244.967
3.74625	245.469
3.74917	246.806
3.77616	245.946
3.78196	247.006
3.78512	248.302
3.78804	249.617
3.79689	250.386
3.83257	248.726
3.83548	250.019
3.85347	249.955
3.86566	250.408
3.88659	250.083
3.89533	250.834
3.9015	251.807
3.92881	250.918
3.932	252.141
3.99757	247.992
4.02138	247.459
4.02728	248.42
4.05112	247.886
4.05415	249.075
4.06303	249.776
4.09916	248.231
4.10525	249.151
4.10815	250.329
4.11742	250.982
4.141	250.464
4.17366	249.227
4.18275	249.883
4.20678	249.349
4.21261	250.256
4.22731	250.458
4.23331	251.344
4.28437	248.709
4.30202	248.688
4.32285	248.425
4.32873	249.298
4.33771	249.931
4.34649	250.577
4.35261	251.422
4.35554	252.507
4.35844	253.592
4.36735	254.214
4.37037	255.285
4.38545	255.426
4.39744	255.802
4.40047	256.862
4.41549	256.999
4.44258	256.219
4.45443	256.597
4.4635	257.181
4.46651	258.22
4.4694	259.267
4.47256	260.29
4.48744	260.421
4.4964	260.998
4.52031	260.444
4.53206	260.806
4.55922	260.018
4.57969	259.733
4.59135	260.098
4.6212	259.133
4.62414	260.129
4.64211	260.031
4.64505	261.021
4.64799	262.009
4.67224	261.447
4.69	261.358
4.70793	261.258
4.7169	261.797
4.71988	262.763
4.72281	263.731
4.75841	262.362
4.77929	262.051
4.79121	262.372
4.80601	262.488
4.81196	263.222
4.81816	263.936
4.84766	263.022
4.8631	263.09
4.87496	263.404
4.88696	263.707
4.89286	264.427
4.91084	264.314
4.92014	264.796
4.94447	264.25
4.95363	264.737
4.96244	265.246
4.96827	265.954
4.97138	266.846
4.97739	267.538
5.01389	266.163
5.03206	266.033
5.05937	265.298
5.06879	265.751
5.07476	266.431
5.07768	267.311
5.0896	267.592
5.09561	268.263
5.09853	269.138
5.11664	269.001
5.11973	269.859
5.17975	266.981
5.18267	267.838
5.1885	268.505
5.19734	268.975
5.21219	269.053
5.27148	266.296
5.27776	266.922
5.30715	266.094
5.31295	266.746
5.34006	266.066
5.34894	266.522
5.38184	265.494
5.38474	266.314
5.4237	264.928
5.44755	264.473
5.45352	265.096
5.45656	265.894
5.47427	265.806
5.48606	266.074
5.48912	266.864
5.50406	266.939
5.5129	267.379
5.5158	268.173
5.5276	268.432
5.54859	268.139
5.56948	267.855
5.5786	268.27
5.6147	267.094
5.64714	266.148
5.66814	265.873
5.74298	262.551
5.76949	261.991
5.77537	262.58
5.78161	263.147
5.78752	263.731
5.82635	262.491
5.83823	262.742
5.85288	262.84
5.8621	263.234
5.87691	263.322
5.8798	264.059
5.88298	264.78
5.90064	264.706
5.91868	264.613
5.92452	265.182
5.94265	265.083
5.98138	263.876
5.98736	264.432
5.99633	264.826
6.00816	265.065
6.02935	264.805
6.03226	265.518
6.06213	264.797
6.10405	263.454
6.10716	264.147
6.15158	262.693
6.17843	262.159
6.19314	262.25
6.21072	262.193
6.22551	262.279
6.2373	262.516
6.2463	262.893
6.25809	263.127
6.27316	263.195
6.28232	263.56
6.29141	263.928
6.32158	263.236
6.33339	263.466
6.33928	263.989
6.34518	264.511
6.34808	265.182
6.36286	265.258
6.38697	264.869
6.38988	265.534
6.39872	265.903
6.40775	266.261
6.41074	266.919
6.41668	267.429
6.4196	268.088
6.4462	267.567
6.45227	268.067
6.46712	268.129
6.47584	268.495
6.51757	267.235
6.54162	266.851
6.55059	267.201
6.56535	267.27
6.59815	266.468
6.62492	265.963
6.63377	266.315
6.63985	266.798
6.66628	266.312
6.67222	266.799
6.67521	267.426
6.68993	267.494
6.72251	266.718
6.73436	266.923
6.74315	267.269
6.75201	267.612
6.76676	267.677
6.81706	266.091
6.82592	266.431
6.84358	266.364
6.84945	266.84
6.8524	267.449
6.85538	268.056
6.86444	268.382
6.87967	268.422
6.88263	269.026
6.89144	269.36
6.90057	269.679
6.90352	270.281
6.95082	268.846
6.95375	269.444
6.98633	268.693
6.99816	268.885
7.01315	268.934
7.01936	269.378
7.02225	269.971
7.04903	269.486
7.05197	270.074
7.07586	269.72
7.09067	269.774
7.10231	269.969
7.11435	270.145
7.12029	270.593
7.13824	270.505
7.15304	270.556
7.15901	270.999
7.171	271.174
7.20084	270.561
7.2307	269.952
7.24264	270.13
7.24858	270.568
7.25155	271.135
7.25444	271.706
7.25759	272.264
7.26677	272.557
7.27593	272.85
7.29393	272.755
7.32684	272.013
7.32979	272.573
7.33574	273.003
7.3774	271.888
7.3832	272.321
7.38917	272.746
7.39825	273.037
7.4191	272.821
7.42809	273.114
7.43696	273.411
7.44576	273.711
7.45168	274.133
7.47568	273.781
7.47864	274.327
7.48163	274.872
7.4846	275.416
7.49944	275.453
7.51696	275.374
7.52292	275.788
7.52911	276.192
7.57744	274.808
7.58919	274.975
7.60435	274.998
7.60727	275.535
7.61016	276.072
7.62496	276.108
7.63982	276.141
7.64287	276.668
7.64579	277.201
7.69359	275.856
7.7146	275.635
7.71756	276.161
7.72068	276.679
7.72657	277.082
7.77432	275.757
7.81014	274.934
7.81914	275.207
7.82226	275.718
7.8342	275.87
7.84603	276.025
7.94182	272.814
7.94788	273.201
7.95086	273.709
7.96859	273.632
7.97747	273.905
7.99553	273.815
7.9986	274.316
8.0045	274.704
8.01038	275.093
8.01644	275.474
8.02567	275.729
8.03471	275.991
8.05865	275.664
8.0645	276.051
8.09403	275.506
8.12985	274.722
8.14778	274.637
8.15378	275.013
8.15983	275.387
8.16278	275.88
8.16572	276.374
8.19265	275.936
8.20778	275.957
8.21359	276.336
8.2616	275.095
8.26453	275.582
8.27349	275.838
8.30046	275.408
8.3095	275.66
8.31243	276.144
8.33619	275.836
8.33919	276.316
8.34826	276.564
8.35449	276.92
8.36643	277.059
8.36941	277.536
8.38128	277.676
8.38717	278.042
8.39895	278.185
8.41981	277.983
8.42564	278.349
8.4286	278.823
8.43159	279.296
8.44927	279.212
8.45224	279.684
8.47001	279.597
8.47898	279.841
8.48501	280.195
8.4912	280.542
8.54221	279.208
8.54806	279.567
8.56311	279.582
8.58395	279.382
8.59877	279.406
8.64299	278.347
8.67278	277.826
8.69083	277.735
8.70257	277.873
8.71167	278.107
8.71788	278.445
8.72078	278.903
8.72373	279.359
8.7328	279.592
8.75672	279.285
8.80109	278.243
8.81019	278.473
8.81903	278.713
8.82196	279.164
8.8428	278.971
8.85761	278.995
8.88125	278.705
8.8873	279.041
8.89326	279.38
8.89933	279.714
8.90225	280.161
8.94715	279.114
8.96204	279.135
8.9711	279.361
9.00058	278.869
9.02141	278.682
9.02742	279.013
9.05731	278.511
9.06313	278.848
9.08078	278.773
9.11014	278.294
9.11926	278.514
9.13726	278.429
9.14017	278.863
9.1555	278.868
9.1945	278.063
9.19739	278.495
9.20337	278.82
9.23321	278.331
9.26028	277.94
9.26617	278.266
9.26935	278.685
9.27866	278.894
9.28169	279.317
9.31115	278.843
9.31996	279.069
9.37063	277.888
9.38253	278.01
9.4154	277.433
9.4271	277.562
9.44213	277.579
9.46032	277.493
9.46323	277.91
9.47801	277.936
9.48091	278.352
9.48999	278.565
9.49584	278.884
9.51101	278.894
9.54664	278.233
9.56444	278.159
9.57627	278.279
9.58515	278.496
9.60007	278.515
9.61222	278.625
9.62114	278.839
9.62696	279.153
9.63885	279.27
9.65675	279.191
9.67466	279.112
9.68048	279.425
9.68342	279.83
9.69829	279.848
9.71023	279.961
9.7225	280.064
9.73135	280.276
9.73746	280.576
9.74337	280.882
9.77326	280.415
9.77617	280.817
9.79683	280.647
9.80577	280.854
9.80868	281.254
9.82377	281.263
9.8328	281.466
9.85347	281.295
9.86227	281.505
9.87122	281.709
9.89475	281.448
9.94794	280.25
9.95099	280.64
9.95402	281.03
9.97473	280.862
9.98657	280.973
10.0163	280.523
10.0518	279.896
10.1054	278.716
10.1145	278.913
10.1174	279.3
10.1235	279.589
10.1592	278.967
10.1622	279.349
10.1741	279.459
10.1977	279.21
10.2128	279.221
10.2217	279.421
10.2362	279.451
10.2844	278.459
10.2874	278.837
10.3052	278.767
10.3536	277.781
10.3565	278.159
10.3595	278.533
10.3656	278.815
10.3686	279.189
10.4041	278.591
10.4162	278.692
10.4428	278.363
10.4545	278.476
10.4608	278.748
10.4726	278.858
10.4786	279.139
10.4875	279.333
10.4906	279.699
10.4997	279.887
10.5202	279.737
10.5349	279.759
10.5498	279.775
10.5527	280.145
10.6059	279.037
10.6238	278.966
10.6296	279.248
10.6442	279.274
10.6501	279.552
10.6531	279.915
10.6593	280.184
10.6682	280.374
10.6979	279.958
10.7519	278.845
10.7756	278.61
10.7815	278.885
10.7999	278.801
10.8266	278.482
10.8683	277.739
10.8772	277.927
10.8949	277.866
10.9067	277.972
10.9245	277.908
10.9578	277.41
10.9725	277.434
11.0116	276.779
11.0145	277.132
11.0204	277.401
11.0265	277.665
11.0594	277.184
11.0684	277.366
11.0713	277.717
11.0833	277.815
11.137	276.764
11.1521	276.778
11.1551	277.123
11.1698	277.148
11.1995	276.762
11.2356	276.205
11.2598	275.974
11.263	276.31
11.266	276.652
11.275	276.831
11.2782	277.167
11.2815	277.5
11.3145	277.029
11.3264	277.128
11.3294	277.468
11.3442	277.488
11.362	277.428
11.3684	277.675
11.3717	278.005
11.3839	278.095
11.387	278.429
11.39	278.767
11.3961	279.02
11.399	279.359
11.402	279.696
11.4083	279.943
11.4115	280.273
11.4147	280.604
11.4368	280.422
11.4402	280.747
11.4433	281.079
11.4467	281.402
11.4497	281.737
11.4528	282.068
11.4563	282.388
11.4593	282.722
11.4627	283.045
11.466	283.37
11.4694	283.692
11.4723	284.028
11.4758	284.347
11.4789	284.677
11.4823	284.998
11.4856	285.322
11.4886	285.654
11.4918	285.981
11.4948	286.312
11.4977	286.646
11.501	286.969
11.5043	287.292
11.5074	287.62
11.5105	287.948
11.514	288.265
11.5174	288.584
11.5207	288.906
11.5236	289.238
