1.06639	0
1.07523	367.973
1.07822	586.558
1.09325	435.484
1.09621	528.117
1.0994	601.504
1.11423	510.84
1.15353	335.851
1.16291	347.616
1.17503	348.575
1.17809	376.963
1.18701	384.715
1.20806	358.581
1.25863	287.793
1.26746	296.514
1.27329	308.866
1.30883	281.731
1.32076	285.459
1.32376	298.767
1.34771	288.79
1.36006	291.331
1.39262	275.636
1.39848	283.71
1.4015	293.956
1.4103	298.953
1.42232	300.978
1.44595	293.678
1.48805	274.731
1.50322	275.078
1.53874	263.609
1.54748	267.774
1.5595	269.995
1.56862	273.672
1.5716	280.569
1.57739	285.814
1.58652	289.085
1.5986	290.632
1.62525	284.534
1.68195	265.433
1.70906	260.979
1.71796	264.03
1.74147	261.247
1.75943	260.712
1.77127	262.454
1.77726	266.304
1.80405	262.504
1.80715	267.219
1.8161	269.781
1.8219	273.414
1.82798	276.89
1.85179	274.007
1.86724	274.115
1.87016	278.478
1.8731	282.803
1.88222	284.929
1.90344	282.874
1.90645	286.989
1.95448	276.367
1.95753	280.256
1.96344	283.216
1.96939	286.124
1.97525	289.023
1.98125	291.841
1.99612	291.82
1.99909	295.511
2.03504	289.023
2.04399	290.79
2.04688	294.329
2.0587	295.174
2.06483	297.681
2.07956	297.617
2.0855	300.114
2.09711	300.923
2.11791	299.084
2.12379	301.5
2.16877	293.138
2.17465	295.475
2.19259	294.606
2.1984	296.905
2.2013	299.945
2.21035	301.345
2.21626	303.547
2.24332	300.247
2.26424	298.613
2.28194	297.821
2.28817	299.833
2.34446	290.03
2.35029	292.073
2.35633	294.05
2.37145	293.954
2.41009	288.727
2.42817	288.068
2.44297	288.109
2.45772	288.159
2.4997	282.744
2.52413	280.973
2.5331	282.197
2.54218	283.386
2.54528	285.709
2.55117	287.481
2.57197	286.381
2.58074	287.573
2.5896	288.734
2.59555	290.432
2.60444	291.56
2.6193	291.552
2.62822	292.651
2.64296	292.655
2.67301	289.875
2.67594	292.028
2.67889	294.169
2.70934	291.351
2.7181	292.419
2.80397	280.474
2.81297	281.501
2.81889	283.012
2.8548	279.751
2.86406	280.711
2.86701	282.647
2.87893	283.171
2.90234	281.915
2.92305	281.099
2.92896	282.524
2.95617	280.745
2.97751	279.872
2.99538	279.519
3.01609	278.767
3.02196	280.137
3.06108	276.814
3.10897	272.445
3.1119	274.164
3.13879	272.693
3.1569	272.398
3.16572	273.31
3.17455	274.213
3.20094	272.848
3.21923	272.538
3.23684	272.317
3.24266	273.572
3.24556	275.188
3.25168	276.393
3.27256	275.736
3.27551	277.321
3.27841	278.908
3.32022	275.655
3.33526	275.732
3.37683	272.645
3.39463	272.416
3.41835	271.507
3.42145	272.982
3.42745	274.116
3.43044	275.595
3.43928	276.388
3.45134	276.801
3.45723	277.925
3.48156	276.915
3.48462	278.349
3.49639	278.778
3.50814	279.206
3.53217	278.238
3.5351	279.656
3.57661	276.756
3.59813	276.11
3.60404	277.168
3.61005	278.211
3.61908	278.918
3.622	280.288
3.63965	280.045
3.64256	281.404
3.65427	281.799
3.67541	281.172
3.70247	279.926
3.70827	280.946
3.75284	277.896
3.75599	279.175
3.76195	280.16
3.77423	280.484
3.79825	279.6
3.81653	279.313
3.82839	279.677
3.87322	276.753
3.90584	275.096
3.92105	275.144
3.92394	276.376
3.92695	277.594
3.92988	278.818
3.94194	279.15
3.96874	278.062
3.98048	278.424
3.98932	279.059
4.0043	279.107
4.01019	280.015
4.04015	278.648
4.04904	279.265
4.05207	280.427
4.06991	280.2
4.08454	280.273
4.08753	281.425
4.11173	280.608
4.12048	281.218
4.13241	281.532
4.1472	281.583
4.16217	281.617
4.18039	281.356
4.2072	280.331
4.21611	280.909
4.22204	281.75
4.29697	276.557
4.30594	277.124
4.30907	278.188
4.35642	275.499
4.35936	276.564
4.36237	277.621
4.39805	275.946
4.40096	277
4.41322	277.276
4.41627	278.312
4.4527	276.595
4.46454	276.903
4.47366	277.429
4.47961	278.21
4.4855	278.994
4.4914	279.774
4.49442	280.787
4.5154	280.332
4.52422	280.866
4.53013	281.633
4.55149	281.147
4.57525	280.475
4.58712	280.756
4.59017	281.738
4.66186	277.326
4.66778	278.069
4.78675	270.344
4.78967	271.291
4.79257	272.239
4.79547	273.185
4.81335	273.034
4.83738	272.44
4.85546	272.281
4.85849	273.202
4.8765	273.044
4.8824	273.754
4.89448	274.018
4.93015	272.607
4.93635	273.286
4.94524	273.773
4.96596	273.427
4.96886	274.33
4.97482	275.016
4.98079	275.7
4.98982	276.166
5.02039	275.124
5.02924	275.6
5.03516	276.277
5.04699	276.541
5.06171	276.603
5.06755	277.279
5.0763	277.751
5.08799	278.017
5.09702	278.466
5.10626	278.898
5.11236	279.545
5.11828	280.202
5.14229	279.612
5.14544	280.454
5.16042	280.483
5.16335	281.336
5.16629	282.188
5.18717	281.807
5.19593	282.255
5.19884	283.101
5.21682	282.915
5.21979	283.752
5.22573	284.385
5.24038	284.422
5.24619	285.06
5.25509	285.485
5.26415	285.898
5.26712	286.724
5.27878	286.955
5.28487	287.565
5.29072	288.189
5.30575	288.186
5.31171	288.799
5.3325	288.404
5.3414	288.814
5.35893	288.641
5.39184	287.444
5.443	285.073
5.446	285.864
5.45179	286.471
5.46651	286.494
5.48152	286.499
5.48746	287.091
5.49346	287.677
5.58216	282.986
5.58509	283.758
5.59397	284.155
5.61813	283.597
5.62998	283.807
5.64493	283.823
5.65681	284.03
5.66598	284.403
5.68086	284.422
5.68706	284.975
5.73221	283.144
5.75012	282.984
5.75307	283.727
5.75625	284.455
5.78021	283.926
5.8071	283.227
5.83987	282.189
5.84278	282.921
5.85769	282.942
5.88453	282.263
5.92589	280.75
5.96504	279.389
5.97395	279.762
6.00398	278.936
6.01295	279.303
6.0159	280.009
6.03062	280.049
6.05441	279.58
6.07257	279.429
6.07549	280.128
6.08451	280.485
6.09341	280.847
6.09648	281.534
6.11422	281.401
6.12035	281.914
6.12621	282.441
6.15627	281.622
6.18015	281.152
6.22164	279.728
6.2336	279.917
6.2395	280.432
6.26055	280.128
6.2694	280.481
6.28163	280.652
6.28462	281.318
6.29936	281.352
6.3141	281.384
6.32604	281.567
6.32894	282.232
6.33194	282.892
6.33778	283.397
6.34358	283.904
6.34668	284.555
6.34965	285.213
6.3765	284.584
6.37981	285.22
6.38273	285.875
6.39458	286.05
6.40065	286.534
6.40665	287.021
6.43054	286.548
6.43346	287.197
6.44227	287.53
6.44829	288.011
6.45707	288.343
6.46	288.987
6.46605	289.463
6.48404	289.299
6.487	289.938
6.49006	290.57
6.49295	291.211
6.52568	290.257
6.53475	290.566
6.5555	290.254
6.56734	290.415
6.57625	290.729
6.59431	290.561
6.63276	289.331
6.64467	289.487
6.65363	289.796
6.67137	289.65
6.67735	290.111
6.69224	290.111
6.69821	290.57
6.70711	290.877
6.71316	291.33
6.72222	291.627
6.73709	291.624
6.74618	291.918
6.75502	292.224
6.78221	291.59
6.81803	290.525
6.83287	290.527
6.83885	290.974
6.84183	291.572
6.84489	292.165
6.84799	292.755
6.85392	293.201
6.87165	293.05
6.87768	293.489
6.88058	294.085
6.88365	294.672
6.89284	294.949
6.90467	295.091
6.91051	295.535
6.94349	294.612
6.94643	295.199
6.97559	294.474
6.98155	294.907
6.9846	295.485
6.99054	295.918
6.99948	296.2
7.00558	296.623
7.02039	296.611
7.05875	295.433
7.06177	296.005
7.0888	295.394
7.10424	295.354
7.1191	295.343
7.13678	295.194
7.15177	295.177
7.15467	295.746
7.21442	293.575
7.23502	293.295
7.25002	293.282
7.26232	293.397
7.27124	293.672
7.27417	294.229
7.28028	294.634
7.29821	294.48
7.30699	294.758
7.32761	294.477
7.35124	294.057
7.35423	294.604
7.36905	294.597
7.38106	294.721
7.39292	294.851
7.39591	295.394
7.4051	295.647
7.40803	296.192
7.43525	295.604
7.44412	295.87
7.45	296.274
7.45906	296.53
7.462	297.069
7.47082	297.334
7.47683	297.729
7.49157	297.719
7.49465	298.248
7.52453	297.537
7.53624	297.666
7.55748	297.358
7.57543	297.202
7.59315	297.057
7.59895	297.454
7.60191	297.98
7.62605	297.542
7.63194	297.933
7.64383	298.051
7.64983	298.436
7.65279	298.957
7.70335	297.332
7.71221	297.585
7.72728	297.56
7.73019	298.079
7.75063	297.813
7.7626	297.926
7.77147	298.176
7.78681	298.138
7.79596	298.375
7.79886	298.888
7.82526	298.36
7.83408	298.609
7.85231	298.444
7.8911	297.381
7.89444	297.868
7.9003	298.244
7.90321	298.749
7.91238	298.98
7.93317	298.704
7.95099	298.558
7.95987	298.8
7.96865	299.046
7.99277	298.628
8.00182	298.862
8.02851	298.337
8.03146	298.83
8.05806	298.311
8.07003	298.418
8.07307	298.905
8.08179	299.149
8.12017	298.135
8.12627	298.489
8.1293	298.972
8.1444	298.945
8.16518	298.678
8.19239	298.144
8.21321	297.88
8.21922	298.234
8.22217	298.714
8.22512	299.194
8.23387	299.432
8.2632	298.812
8.26914	299.165
8.28101	299.272
8.29005	299.495
8.30222	299.588
8.31393	299.7
8.323	299.921
8.32889	300.273
8.33783	300.497
8.35565	300.355
8.36151	300.706
8.37614	300.695
8.44704	298.393
8.50402	296.689
8.51869	296.684
8.53346	296.676
8.55472	296.411
8.56357	296.637
8.57258	296.856
8.59022	296.734
8.60544	296.708
8.65615	295.296
8.66213	295.632
8.66508	296.085
8.67423	296.297
8.6831	296.519
8.69193	296.742
8.70701	296.722
8.71589	296.942
8.72506	297.151
8.73409	297.364
8.79058	295.749
8.7964	296.085
8.79951	296.525
8.80288	296.954
8.81462	297.061
8.82382	297.266
8.85381	296.676
8.85673	297.119
8.8717	297.103
8.87476	297.539
8.88071	297.865
8.88986	298.069
8.89906	298.271
8.90195	298.712
8.91971	298.586
8.92566	298.91
8.92863	299.346
8.93159	299.783
8.9437	299.87
8.95547	299.97
8.98559	299.375
9.00963	299.013
9.02742	298.888
9.03332	299.208
9.03655	299.629
9.03947	300.061
9.04819	300.274
9.07533	299.796
9.09015	299.781
9.09624	300.092
9.11404	299.965
9.12291	300.17
9.15228	299.615
9.15541	300.033
9.16415	300.242
9.17302	300.447
9.18482	300.542
9.1937	300.745
9.20256	300.948
9.21136	301.154
9.21446	301.569
9.23854	301.209
9.24444	301.52
9.25034	301.83
9.27117	301.591
9.27707	301.9
9.2862	302.09
9.30469	301.937
9.31371	302.13
9.33132	302.009
9.37294	301.016
9.385	301.099
9.40285	300.973
9.41805	300.942
9.43625	300.804
9.44847	300.881
9.45439	301.183
9.46929	301.163
9.47512	301.468
9.50245	301.004
9.50539	301.411
9.523	301.294
9.56177	300.428
9.60679	299.35
9.60978	299.751
9.62165	299.84
9.6367	299.818
9.66951	299.177
9.68128	299.269
9.71972	298.439
9.72859	298.632
9.74647	298.515
9.75232	298.811
9.79069	297.992
9.84424	296.667
9.85352	296.845
9.86236	297.038
9.86526	297.431
9.88307	297.32
9.88613	297.707
9.90133	297.684
9.91922	297.57
9.92214	297.96
9.92531	298.341
9.96391	297.532
9.99689	296.917
9.99991	297.3
10.0149	297.285
10.0179	297.668
10.0238	297.954
10.0387	297.941
10.0562	297.841
10.0681	297.927
10.0886	297.729
10.0947	298.007
10.1036	298.191
10.1125	298.375
10.1303	298.266
10.1419	298.361
10.1537	298.449
10.1567	298.825
10.1746	298.712
10.1804	298.996
10.1865	299.27
10.2013	299.258
10.2133	299.337
10.2193	299.613
10.2552	298.913
10.2727	298.814
10.2964	298.515
10.2994	298.886
10.3204	298.674
10.383	297.132
10.392	297.308
10.4102	297.191
10.4283	297.078
10.4343	297.349
10.4374	297.711
10.4403	298.08
10.4433	298.445
10.4463	298.81
10.464	298.707
10.482	298.595
10.5025	298.404
10.5114	298.58
10.5144	298.943
10.5415	298.544
10.5473	298.817
10.5563	298.988
10.5625	299.248
10.5715	299.419
10.5992	299.002
10.6052	299.267
10.6113	299.528
10.6263	299.51
10.6654	298.741
10.6743	298.913
10.7046	298.422
10.7526	297.39
10.7556	297.743
10.7889	297.168
10.7949	297.429
