1.05691	0
1.05989	735.945
1.0688	584.574
1.09267	335.317
1.10483	340.091
1.12247	315.559
1.13708	312.064
1.15763	291.864
1.16079	323.686
1.17563	319.711
1.19357	309.566
1.19657	333.357
1.22089	310.661
1.23286	314.024
1.30474	241.225
1.31059	252.563
1.32265	257.306
1.34082	256.067
1.34387	268.277
1.34695	280.203
1.35627	285.856
1.3621	294.469
1.38009	291.471
1.39796	288.888
1.41881	284.218
1.42174	293.702
1.4338	295.75
1.44591	297.635
1.47626	286.472
1.48805	288.644
1.50622	286.599
1.51497	290.53
1.52391	294.197
1.52973	299.678
1.53565	304.964
1.56831	293.998
1.58039	295.458
1.58339	301.944
1.61589	292.167
1.63069	292.16
1.6365	296.663
1.65164	296.376
1.67854	290.527
1.71738	280.029
1.72946	281.417
1.73245	286.544
1.74148	289.064
1.76241	286.622
1.77131	289.088
1.77714	292.731
1.78312	296.256
1.79776	296.233
1.80677	298.426
1.83078	294.763
1.83678	298.022
1.8841	286.237
1.88996	289.399
1.89588	292.495
1.8988	296.598
1.90797	298.472
1.94371	291.337
1.9555	292.319
1.97913	289.522
1.98506	292.318
2.03244	282.578
2.04119	284.449
2.05879	283.766
2.06169	287.237
2.06764	289.813
2.07065	293.204
2.07364	296.581
2.08858	296.474
2.10967	294.643
2.11259	297.911
2.13389	296.036
2.14302	297.521
2.14887	299.877
2.15208	302.934
2.15505	306.041
2.15816	309.091
2.16753	310.37
2.20317	304.503
2.23875	299.005
2.24169	301.902
2.24461	304.79
2.24759	307.648
2.28006	303.024
2.28297	305.822
2.31549	301.363
2.31864	304.028
2.34875	300.294
2.35756	301.579
2.38746	298.056
2.41117	296.032
2.42618	295.942
2.42909	298.458
2.4381	299.636
2.45011	300.153
2.4622	300.643
2.48618	298.626
2.49522	299.75
2.50133	301.47
2.51913	300.756
2.52528	302.435
2.52832	304.741
2.53128	307.055
2.54029	308.1
2.55206	308.563
2.57878	305.989
2.58168	308.236
2.62032	303.39
2.62614	305.015
2.63782	305.493
2.65633	304.66
2.69778	299.606
2.70077	301.685
2.71267	302.125
2.75708	296.783
2.76622	297.722
2.7808	297.71
2.79884	297.108
2.80494	298.54
2.81379	299.494
2.83138	298.96
2.83738	300.377
2.84037	302.292
2.8493	303.195
2.86136	303.562
2.86437	305.444
2.88782	303.894
2.90884	302.779
2.91179	304.623
2.92079	305.469
2.95628	302.041
2.98342	300.031
2.9893	301.352
3.00713	300.813
3.01301	302.115
3.01894	303.402
3.02187	305.145
3.02803	306.381
3.03693	307.185
3.05471	306.614
3.07272	306.019
3.07853	307.274
3.08751	308.042
3.10227	307.931
3.10519	309.599
3.11123	310.79
3.11724	311.978
3.14718	309.58
3.17721	307.236
3.18046	308.798
3.18946	309.519
3.19838	310.246
3.20766	310.915
3.21062	312.492
3.21652	313.637
3.23728	312.633
3.24323	313.757
3.27566	311.122
3.29045	310.996
3.30821	310.462
3.32595	309.939
3.33178	311.042
3.33469	312.54
3.33766	314.025
3.3464	314.712
3.35242	315.767
3.36421	316.026
3.3731	316.677
3.38483	316.937
3.39373	317.578
3.39974	318.606
3.40579	319.623
3.41784	319.821
3.42979	320.031
3.43269	321.457
3.4563	320.096
3.48898	317.574
3.54231	312.504
3.61092	305.808
3.61979	306.434
3.66754	302.489
3.67943	302.764
3.6854	303.719
3.71545	301.913
3.71839	303.201
3.73009	303.49
3.74772	303.107
3.75063	304.382
3.75645	305.325
3.76529	305.923
3.77131	306.835
3.78616	306.749
3.79214	307.656
3.81004	307.226
3.81295	308.467
3.84592	306.372
3.85193	307.258
3.86378	307.5
3.86969	308.388
3.87265	309.597
3.90591	307.501
3.91185	308.374
3.91485	309.561
3.92673	309.784
3.95686	308.057
4.00553	304.441
4.01744	304.675
4.02337	305.521
4.04431	304.827
4.05013	305.676
4.06525	305.576
4.08886	304.622
4.1036	304.567
4.11565	304.779
4.11861	305.894
4.12152	307.012
4.16314	304.292
4.18099	303.936
4.19319	304.131
4.21692	303.215
4.22003	304.282
4.22896	304.787
4.25556	303.604
4.28232	302.425
4.28529	303.484
4.30898	302.603
4.32101	302.811
4.3448	301.934
4.35065	302.709
4.3625	302.931
4.37444	303.142
4.37734	304.178
4.38027	305.209
4.38903	305.702
4.3949	306.458
4.39786	307.479
4.40372	308.231
4.4251	307.557
4.43744	307.712
4.44635	308.178
4.47027	307.284
4.52098	304.036
4.54494	303.187
4.55994	303.122
4.57811	302.785
4.59304	302.728
4.62848	300.935
4.63443	301.641
4.64335	302.095
4.64914	302.81
4.67912	301.498
4.7064	300.429
4.74243	298.665
4.74838	299.354
4.77195	298.618
4.79878	297.632
4.80475	298.31
4.82309	298.005
4.841	297.736
4.86829	296.738
4.87753	297.151
4.88348	297.817
4.88943	298.482
4.90442	298.442
4.93438	297.251
4.95832	296.535
4.96418	297.195
4.97014	297.846
4.976	298.502
4.9791	299.367
4.99101	299.559
5.00282	299.757
5.02044	299.514
5.06201	297.486
5.06496	298.344
5.06796	299.197
5.07994	299.38
5.11856	297.598
5.12747	298.008
5.14558	297.745
5.15748	297.934
5.18458	297.025
5.20511	296.597
5.22283	296.372
5.22574	297.201
5.24087	297.159
5.32733	292.158
5.33926	292.352
5.34222	293.158
5.34809	293.763
5.35409	294.358
5.37803	293.727
5.38985	293.923
5.39284	294.716
5.40461	294.912
5.41947	294.897
5.42243	295.687
5.42855	296.26
5.45537	295.437
5.46152	296.005
5.48816	295.2
5.50603	294.986
5.50893	295.764
5.52394	295.737
5.55348	294.755
5.5564	295.524
5.56542	295.89
5.57444	296.256
5.60179	295.424
5.60474	296.182
5.61944	296.174
5.63115	296.36
5.64947	296.119
5.67323	295.531
5.70587	294.386
5.70879	295.13
5.71461	295.688
5.7206	296.234
5.72381	296.956
5.75367	295.988
5.7597	296.527
5.76275	297.252
5.79865	295.913
5.89361	291
5.89963	291.53
5.90258	292.243
5.90553	292.956
5.92621	292.599
5.9322	293.126
5.97055	291.718
5.9796	292.059
5.98566	292.576
6.02109	291.359
6.03293	291.534
6.04201	291.869
6.06563	291.355
6.07763	291.519
6.08363	292.031
6.10144	291.856
6.11617	291.86
6.16986	289.642
6.17279	290.32
6.19066	290.151
6.22985	288.788
6.23566	289.298
6.24775	289.457
6.26883	289.115
6.27173	289.782
6.30147	288.963
6.31961	288.788
6.34639	288.143
6.34935	288.798
6.35228	289.454
6.3552	290.109
6.37015	290.106
6.38526	290.094
6.38819	290.744
6.39413	291.23
6.40906	291.225
6.42367	291.237
6.43838	291.244
6.44435	291.722
6.4773	290.747
6.49842	290.412
6.52201	289.949
6.53078	290.274
6.54571	290.271
6.55171	290.74
6.56068	291.051
6.57246	291.213
6.60228	290.426
6.60814	290.898
6.61714	291.203
6.62299	291.673
6.63779	291.674
6.66158	291.207
6.68565	290.729
6.69165	291.186
6.70924	291.044
6.71221	291.655
6.77202	289.36
6.77532	289.948
6.82342	288.28
6.82926	288.736
6.8768	287.121
6.91816	285.832
6.93023	285.98
6.95399	285.561
6.96299	285.857
7.0231	283.702
7.02603	284.286
7.03189	284.73
7.04684	284.741
7.0735	284.197
7.0764	284.778
7.09175	284.769
7.09771	285.203
7.10068	285.778
7.10672	286.206
7.12768	285.93
7.13071	286.498
7.13362	287.072
7.13691	287.626
7.14288	288.054
7.14877	288.484
7.1791	287.761
7.20297	287.347
7.21479	287.497
7.224	287.768
7.2271	288.323
7.29311	285.965
7.33845	284.589
7.34142	285.142
7.39194	283.55
7.40667	283.573
7.41257	283.989
7.41842	284.407
7.43334	284.419
7.44515	284.569
7.45403	284.85
7.48986	283.935
7.51935	283.308
7.52538	283.712
7.53441	283.983
7.5373	284.523
7.5551	284.408
7.57009	284.417
7.58216	284.553
7.58797	284.961
7.60892	284.709
7.66524	282.937
7.70357	281.956
7.73331	281.347
7.75418	281.116
7.79558	280.03
7.7986	280.545
7.80753	280.814
7.8791	278.502
7.89404	278.526
7.89695	279.038
7.90872	279.189
7.93253	278.851
7.93849	279.237
7.94439	279.625
7.95332	279.889
7.95921	280.276
7.99507	279.451
8.0129	279.355
8.02797	279.371
8.03089	279.873
8.06948	278.95
8.08139	279.092
8.09625	279.116
8.10219	279.494
8.10801	279.876
8.11093	280.372
8.13776	279.92
8.14664	280.179
8.1496	280.671
8.15542	281.049
8.17326	280.951
8.18515	281.089
8.20581	280.881
8.20871	281.371
8.21473	281.737
8.22368	281.988
8.24761	281.651
8.29523	280.395
8.32222	279.948
8.36995	278.712
8.3967	278.285
8.40259	278.65
8.40577	279.117
8.42922	278.815
8.44719	278.722
8.4857	277.859
8.50049	277.887
8.5093	278.138
8.5241	278.166
8.5362	278.293
8.53937	278.752
8.54239	279.217
8.56941	278.788
8.57231	279.255
8.61671	278.187
8.62856	278.322
8.64642	278.236
8.65243	278.585
8.68778	277.86
8.71131	277.571
8.71718	277.922
8.73812	277.727
8.75308	277.748
8.76199	277.988
8.76501	278.439
8.77974	278.467
8.81559	277.738
8.82745	277.87
8.83939	277.998
8.85147	278.122
8.89016	277.3
8.89612	277.64
8.91397	277.559
8.93173	277.482
8.96745	276.775
8.9736	277.106
8.98281	277.329
9.02798	276.299
9.03974	276.433
9.04566	276.769
9.06085	276.784
9.06382	277.22
9.06676	277.658
9.07563	277.889
9.09618	277.716
9.105	277.949
9.14165	277.223
9.16264	277.039
9.16565	277.468
9.17469	277.691
9.19278	277.605
9.1958	278.033
9.20481	278.255
9.21942	278.286
9.23697	278.218
9.24328	278.531
9.25812	278.553
9.30291	277.565
9.3117	277.792
9.34779	277.104
9.36539	277.037
9.38026	277.061
9.3861	277.386
9.38902	277.807
9.40092	277.928
9.43354	277.362
9.44238	277.585
9.45773	277.592
9.47549	277.519
9.49318	277.449
9.49612	277.865
9.50199	278.183
9.50783	278.502
9.5464	277.745
9.55542	277.959
9.55846	278.368
9.57606	278.3
9.59418	278.215
9.59713	278.625
9.61517	278.542
9.63006	278.562
9.64806	278.481
9.65406	278.789
9.6658	278.911
9.66879	279.316
9.67174	279.721
9.68052	279.937
9.69237	280.053
9.71016	279.977
9.71313	280.38
9.7161	280.782
9.71906	281.185
9.77702	279.812
9.8274	278.698
9.83917	278.816
9.84788	279.031
9.8777	278.578
9.9046	278.219
9.92849	277.957
9.94026	278.075
9.98477	277.173
9.98774	277.564
9.99995	277.668
10.0177	277.6
10.0238	277.893
10.0386	277.916
10.0624	277.661
10.0655	278.045
10.107	277.248
10.11	277.633
10.1158	277.932
10.122	278.219
10.1342	278.32
10.1432	278.52
10.1639	278.362
10.1698	278.655
10.1908	278.488
10.2027	278.598
10.2056	278.981
10.2149	279.17
10.2209	279.458
10.248	279.104
10.251	279.483
10.269	279.406
10.2807	279.52
10.2838	279.894
10.2926	280.095
10.3046	280.199
10.3223	280.13
10.3342	280.236
10.3403	280.517
10.3432	280.895
10.3699	280.553
10.3879	280.475
10.3967	280.673
10.3998	281.042
10.4205	280.882
10.4234	281.257
10.4264	281.628
10.447	281.47
10.4559	281.663
10.4623	281.93
10.4861	281.677
10.4949	281.872
10.5244	281.45
10.5518	281.093
10.5577	281.373
10.5874	280.95
10.5904	281.314
10.5935	281.676
10.6325	280.98
10.6384	281.258
10.6535	281.265
10.6595	281.539
10.6864	281.202
10.6894	281.562
10.7071	281.494
10.713	281.769
10.7223	281.945
10.7252	282.307
10.7343	282.488
10.7376	282.838
10.7435	283.111
10.7466	283.466
10.7555	283.652
10.7643	283.839
10.7761	283.939
10.7939	283.864
10.7969	284.22
10.8058	284.403
10.8207	284.412
10.8269	284.674
10.8631	284.063
10.8662	284.414
10.8691	284.77
10.8871	284.688
10.8904	285.032
10.8936	285.378
10.9084	285.388
10.9237	285.383
10.9416	285.303
10.9446	285.654
10.9537	285.827
10.9752	285.643
10.9814	285.9
10.9906	286.07
10.9969	286.323
11.0327	285.729
11.0359	286.07
11.0388	286.42
11.0447	286.683
11.0863	285.925
11.0921	286.19
11.0981	286.449
11.1163	286.361
11.1282	286.451
11.1313	286.792
11.1343	287.135
11.1372	287.481
11.1552	287.396
11.1675	287.474
11.1739	287.719
11.1775	288.043
11.181	288.37
11.1845	288.697
11.1878	289.029
11.1909	289.367
