1.05053	0
1.0535	735.945
1.06241	584.574
1.1162	189.004
1.12517	222.853
1.14337	225.611
1.17905	197.23
1.18195	225.134
1.19669	231.853
1.21189	236.698
1.24163	222.68
1.24753	237.719
1.2593	244.91
1.27113	251.275
1.29507	244.423
1.29811	258.703
1.31294	260.525
1.31594	273.713
1.34302	263.245
1.35192	269.743
1.35491	281.177
1.36702	284.041
1.37	294.817
1.39103	289.342
1.39702	296.746
1.40009	306.418
1.40305	316.02
1.40596	325.51
1.40906	334.671
1.41791	338.339
1.42083	347.267
1.42987	350.356
1.44184	350.676
1.44479	358.949
1.45384	361.586
1.46881	358.991
1.48104	358.829
1.51337	343.196
1.52844	341.424
1.54338	339.849
1.54648	346.397
1.56117	344.9
1.5702	347.207
1.60593	332.724
1.60914	338.516
1.61208	344.406
1.61799	348.412
1.62685	350.54
1.63006	356.026
1.63896	357.973
1.64186	363.496
1.65672	361.72
1.66551	363.566
1.69541	353.453
1.7193	347.313
1.72829	349.073
1.74043	349.192
1.74642	352.381
1.7764	343.812
1.77946	348.278
1.7944	347.095
1.80036	350.086
1.80928	351.658
1.83299	346.542
1.84478	346.836
1.84779	350.93
1.86254	349.879
1.87459	350.005
1.87763	353.928
1.89256	352.787
1.89863	355.347
1.91645	353.031
1.91935	356.812
1.93724	354.492
1.97319	345.391
1.9793	347.763
1.98228	351.276
1.98525	354.771
2.02087	346.225
2.0327	346.453
2.0416	347.697
2.04773	349.885
2.05669	351.059
2.08403	345.967
2.08983	348.187
2.09295	351.28
2.10771	350.464
2.14621	342.114
2.1581	342.342
2.16988	342.597
2.18508	341.817
2.18822	344.664
2.20927	342.137
2.23301	338.929
2.28668	327.735
2.29862	328.06
2.32529	324.593
2.33728	324.925
2.35228	324.501
2.35519	327.083
2.37331	325.87
2.39112	324.766
2.39404	327.27
2.39695	329.766
2.41777	327.908
2.44154	325.416
2.45961	324.311
2.47753	323.267
2.48346	324.941
2.49538	325.25
2.50714	325.589
2.51006	327.893
2.52495	327.512
2.54883	325.18
2.55177	327.416
2.55765	329.002
2.56384	330.508
2.57009	331.989
2.57313	334.159
2.57931	335.631
2.60296	333.305
2.61489	333.525
2.68004	322.86
2.68601	324.32
2.73986	316.553
2.74282	318.548
2.74587	320.52
2.7549	321.355
2.76075	322.779
2.7637	324.742
2.7815	323.9
2.78448	325.831
2.79052	327.181
2.81741	324.651
2.82643	325.433
2.83229	326.785
2.84433	326.999
2.87424	324.01
2.88658	324.185
2.90796	322.781
2.92862	321.533
2.95571	319.232
2.96808	319.425
2.97099	321.188
2.98309	321.412
2.98602	323.155
2.98895	324.892
2.99806	325.59
3.01283	325.341
3.04581	322.133
3.05178	323.329
3.08188	320.669
3.08481	322.328
3.10604	321.102
3.11204	322.262
3.15369	317.94
3.2287	308.986
3.23456	310.133
3.25563	309.13
3.29999	304.96
3.32435	303.595
3.3628	300.419
3.38658	299.211
3.39551	299.913
3.41343	299.467
3.41944	300.53
3.46427	296.743
3.4851	295.979
3.49123	297.004
3.52722	294.436
3.56255	292.017
3.59843	289.603
3.61987	288.869
3.62867	289.558
3.66466	287.226
3.6767	287.554
3.69756	286.921
3.72721	285.358
3.73891	285.723
3.74494	286.686
3.75079	287.663
3.75975	288.306
3.76267	289.587
3.78926	288.354
3.79808	289
3.80403	289.943
3.81025	290.854
3.8369	289.624
3.86056	288.724
3.86364	289.942
3.89018	288.755
3.94953	284.338
3.9617	284.633
3.96754	285.543
3.97938	285.863
4.01835	283.568
4.0364	283.3
4.06702	281.858
4.06998	283.012
4.09928	281.71
4.11406	281.761
4.12606	282.066
4.12905	283.194
4.14082	283.513
4.14677	284.363
4.15267	285.214
4.15859	286.06
4.17032	286.368
4.17649	287.184
4.20334	286.11
4.22398	285.611
4.24204	285.348
4.25089	285.909
4.2599	286.452
4.26583	287.266
4.27168	288.085
4.2775	288.903
4.28041	289.98
4.28932	290.515
4.30417	290.517
4.3192	290.503
4.3461	289.443
4.35492	289.978
4.36097	290.752
4.37016	291.248
4.37321	292.28
4.3762	293.315
4.38825	293.55
4.39727	294.05
4.40319	294.818
4.41841	294.769
4.42437	295.528
4.44584	294.932
4.44891	295.936
4.47259	295.151
4.49376	294.591
4.51763	293.81
4.57732	290.065
4.58323	290.802
4.58906	291.543
4.59503	292.27
4.60708	292.495
4.61896	292.731
4.6278	293.215
4.66033	291.771
4.68455	291.015
4.69363	291.476
4.72338	290.292
4.7533	289.114
4.77093	288.905
4.78573	288.917
4.84266	285.721
4.86949	284.846
4.88413	284.885
4.89003	285.572
4.91369	284.941
4.92569	285.174
4.93155	285.856
4.94352	286.086
4.95851	286.094
4.97319	286.125
4.9822	286.568
4.99116	287.012
5.00593	287.032
5.00903	287.898
5.03867	286.843
5.06268	286.203
5.10102	284.562
5.12804	283.736
5.14312	283.746
5.14615	284.591
5.15497	285.031
5.1877	283.821
5.1906	284.665
5.20823	284.497
5.21117	285.334
5.21413	286.168
5.22576	286.406
5.23174	287.029
5.24093	287.43
5.24679	288.058
5.25618	288.441
5.30699	286.015
5.3132	286.611
5.33698	286.029
5.34287	286.643
5.35484	286.849
5.37618	286.433
5.37916	287.233
5.41172	286.08
5.4293	285.918
5.47165	284.158
5.48669	284.168
5.4984	284.391
5.56414	281.208
5.57309	281.607
5.57911	282.186
5.58207	282.954
5.597	282.975
5.62113	282.427
5.62704	283.006
5.63286	283.589
5.63884	284.16
5.66549	283.456
5.67423	283.854
5.68038	284.41
5.72776	282.454
5.74566	282.297
5.75167	282.855
5.7546	283.596
5.75762	284.332
5.76088	285.052
5.76958	285.441
5.79625	284.748
5.82609	283.874
5.83195	284.429
5.84994	284.263
5.8558	284.815
5.88889	283.761
5.90705	283.589
5.91877	283.794
5.92203	284.49
5.94854	283.833
5.95761	284.189
5.96069	284.89
5.98458	284.386
5.98754	285.09
6.00519	284.947
6.0112	285.472
6.02616	285.482
6.08589	282.955
6.08879	283.649
6.09465	284.176
6.10371	284.521
6.12172	284.362
6.13048	284.722
6.1393	285.077
6.14511	285.6
6.15407	285.945
6.16017	286.449
6.19333	285.442
6.19623	286.12
6.22295	285.478
6.29431	282.419
6.29723	283.084
6.30016	283.749
6.3031	284.412
6.31794	284.431
6.32377	284.936
6.34757	284.471
6.37441	283.849
6.38631	284.025
6.39517	284.363
6.42186	283.754
6.42486	284.399
6.43068	284.894
6.43957	285.226
6.4455	285.713
6.45432	286.046
6.48761	285.089
6.49676	285.403
6.50574	285.725
6.51156	286.212
6.51448	286.849
6.5413	286.235
6.55029	286.552
6.55624	287.027
6.56836	287.179
6.60741	285.939
6.62832	285.642
6.64932	285.342
6.67888	284.612
6.69384	284.623
6.70571	284.789
6.74153	283.756
6.74749	284.218
6.75342	284.679
6.75922	285.147
6.77099	285.315
6.77689	285.775
6.80071	285.343
6.81552	285.359
6.83354	285.217
6.85164	285.072
6.87269	284.783
6.90833	283.789
6.91718	284.097
6.92608	284.402
6.93541	284.685
6.94737	284.84
6.95324	285.288
6.95613	285.88
6.98291	285.318
6.98585	285.904
6.98883	286.488
6.99771	286.786
7.02189	286.348
7.03379	286.501
7.0396	286.944
7.05737	286.814
7.08136	286.39
7.0844	286.961
7.09635	287.109
7.10515	287.405
7.15895	285.582
7.16195	286.148
7.17962	286.028
7.1915	286.178
7.19446	286.743
7.221	286.21
7.22394	286.773
7.23573	286.925
7.25663	286.655
7.28601	285.997
7.28893	286.556
7.29483	286.977
7.29773	287.535
7.30063	288.092
7.31835	287.967
7.33912	287.703
7.34509	288.116
7.38966	286.773
7.42583	285.824
7.42872	286.371
7.44048	286.52
7.4523	286.666
7.45529	287.206
7.46123	287.614
7.47333	287.745
7.48507	287.891
7.49404	288.16
7.52064	287.644
7.55611	286.74
7.56527	287
7.57117	287.402
7.57718	287.799
7.59825	287.533
7.60447	287.919
7.60744	288.447
7.62247	288.445
7.62833	288.845
7.65234	288.449
7.70933	286.63
7.72107	286.773
7.72708	287.161
7.73023	287.672
7.77232	286.514
7.78418	286.651
7.81362	286.042
7.83156	285.923
7.83749	286.309
7.85246	286.314
7.85538	286.826
7.88498	286.216
7.90005	286.217
7.92387	285.854
7.92685	286.358
7.94172	286.367
7.97163	285.754
7.99256	285.515
8.00128	285.778
8.0072	286.156
8.01016	286.654
8.01632	287.021
8.02826	287.149
8.06453	286.28
8.08849	285.92
8.09184	286.397
8.10088	286.642
8.12448	286.297
8.16045	285.456
8.16666	285.814
8.25614	282.866
8.29448	281.965
8.30037	282.332
8.32111	282.121
8.32408	282.599
8.34221	282.489
8.34828	282.846
8.35118	283.325
8.38671	282.542
8.39846	282.678
8.44671	281.419
8.45894	281.537
8.46476	281.899
8.46775	282.367
8.48267	282.382
8.49161	282.623
8.50956	282.522
8.53322	282.206
8.53908	282.562
8.54501	282.915
8.55967	282.938
8.56854	283.178
8.57151	283.641
8.58052	283.875
8.59818	283.783
8.60712	284.019
8.63467	283.557
8.64399	283.778
8.64694	284.236
8.65602	284.465
8.6768	284.256
8.67987	284.708
8.68283	285.163
8.68574	285.62
8.69178	285.96
8.70368	286.08
8.70665	286.533
8.71538	286.77
8.78934	284.588
8.81018	284.381
8.81614	284.719
8.84902	284.072
8.85508	284.405
8.86406	284.631
8.88221	284.523
8.91194	283.997
8.91486	284.441
8.94157	284.025
8.94457	284.465
8.9594	284.477
8.96535	284.809
8.96835	285.247
8.97137	285.683
8.9832	285.802
8.98616	286.239
8.98912	286.677
9.03414	285.602
9.04316	285.82
9.05211	286.04
9.05816	286.363
9.09104	285.73
9.12739	284.979
9.13048	285.404
9.14851	285.302
9.1696	285.093
9.19325	284.796
9.2383	283.757
9.29267	282.41
9.30144	282.633
9.31042	282.849
9.31649	283.164
9.34942	282.561
9.41161	280.976
9.42045	281.196
9.42629	281.515
9.45611	281.031
9.46513	281.243
9.48034	281.248
9.48909	281.468
9.49203	281.881
9.49806	282.192
9.50099	282.605
9.51898	282.515
9.53089	282.627
9.54559	282.647
9.5575	282.759
9.58426	282.378
9.59299	282.595
9.59607	282.999
9.61122	283.003
9.66792	281.642
9.69232	281.347
9.69848	281.646
9.72855	281.168
9.75218	280.901
9.77579	280.636
9.7789	281.031
9.78509	281.327
9.79092	281.633
9.80287	281.742
9.83592	281.174
9.83886	281.572
9.87493	280.91
9.88087	281.211
9.90189	281.031
9.9079	281.328
9.9108	281.723
9.91376	282.116
9.92285	282.314
9.94124	282.216
9.94425	282.606
9.95893	282.625
9.96476	282.925
9.97699	283.021
10.0063	282.578
10.0123	282.87
10.0897	280.927
10.1017	281.032
10.1169	281.037
10.1229	281.327
10.1289	281.617
10.1318	282.003
10.1349	282.382
10.1496	282.4
10.1586	282.596
10.1646	282.883
10.1735	283.081
10.1826	283.272
10.1944	283.379
10.1973	283.761
10.2064	283.951
10.2272	283.778
10.236	283.976
10.245	284.168
10.2686	283.909
10.3018	283.358
10.3164	283.377
10.3255	283.565
10.3464	283.392
10.3523	283.677
10.3554	284.047
10.3675	284.141
10.3938	283.804
10.4116	283.726
10.4145	284.099
10.4557	283.314
10.4767	283.141
10.4827	283.419
10.5159	282.882
10.5369	282.711
10.5458	282.901
10.5521	283.168
10.6175	281.684
10.6234	281.962
10.6587	281.376
10.6674	281.57
10.6764	281.756
10.6794	282.116
10.6886	282.295
10.6945	282.57
10.7094	282.582
10.7123	282.944
10.7153	283.303
10.7693	282.174
10.7724	282.528
10.7964	282.276
10.7993	282.635
10.8232	282.386
10.8261	282.744
10.829	283.101
10.832	283.456
10.8409	283.64
10.8675	283.311
10.8735	283.578
10.8857	283.665
10.9094	283.422
10.9513	282.659
10.9574	282.921
10.9603	283.274
10.9723	283.367
10.9752	283.719
10.9781	284.071
10.9811	284.42
11.0022	284.251
11.0051	284.602
11.008	284.953
11.0232	284.952
11.0499	284.623
11.0528	284.973
11.0675	284.986
11.1002	284.488
11.1718	282.903
11.1808	283.078
11.1838	283.421
11.1927	283.598
11.2015	283.778
11.2047	284.113
11.2226	284.038
11.2315	284.214
11.2375	284.471
11.2736	283.889
11.2826	284.061
11.2855	284.403
11.2915	284.658
11.2945	284.996
11.3005	285.251
11.3273	284.927
11.3542	284.603
11.3904	284.024
11.3992	284.2
11.4112	284.288
11.4292	284.211
11.4414	284.293
11.4443	284.63
11.4503	284.881
11.4651	284.891
11.4681	285.223
11.4743	285.468
11.5398	284.098
11.5517	284.187
11.5576	284.438
11.5607	284.766
11.5636	285.098
11.5665	285.43
11.5844	285.355
11.6078	285.132
11.6583	284.182
11.6673	284.348
11.6761	284.519
11.6792	284.842
11.6915	284.919
11.7096	284.84
11.7274	284.77
11.7333	285.017
11.7425	285.176
11.7516	285.337
11.7574	285.586
11.7691	285.677
11.7991	285.282
11.8081	285.445
11.8408	284.98
11.8437	285.304
11.8527	285.466
11.8557	285.786
11.8796	285.555
11.8856	285.795
11.9241	285.181
11.9513	284.866
11.9543	285.183
11.9634	285.341
11.9876	285.105
11.9906	285.422
11.9935	285.741
11.9967	286.052
11.9997	286.368
12.0027	286.684
12.0058	286.997
12.0297	286.766
12.0417	286.846
12.0658	286.61
12.0834	286.545
12.0954	286.624
12.0984	286.937
12.1105	287.014
12.1226	287.091
12.1255	287.405
12.1405	287.406
12.1529	287.474
12.1589	287.708
12.1707	287.791
12.1797	287.946
12.2011	287.781
12.2071	288.014
12.21	288.326
12.2218	288.408
12.2519	288.019
12.2847	287.563
12.2965	287.645
12.3117	287.64
12.3146	287.95
12.3263	288.034
12.3499	287.815
12.3589	287.968
12.3647	288.202
12.3856	288.052
12.3946	288.204
12.4513	287.15
12.4663	287.151
12.4722	287.381
12.4811	287.535
12.4961	287.535
12.4991	287.837
12.5174	287.755
12.5534	287.23
12.5597	287.448
12.5749	287.444
12.5927	287.375
12.6047	287.45
12.6076	287.752
12.6136	287.976
12.6166	288.275
12.6255	288.426
12.6285	288.724
12.6523	288.505
12.6643	288.578
12.6672	288.878
12.6702	289.175
12.679	289.328
12.697	289.252
12.7001	289.545
12.706	289.769
12.7297	289.551
12.7326	289.849
12.7415	289.998
12.7473	290.224
12.7624	290.218
12.7862	289.998
12.7892	290.292
12.8312	289.624
12.8787	288.826
12.906	288.525
12.9149	288.673
12.9179	288.964
12.9414	288.756
12.9711	288.399
12.9829	288.476
13.0334	287.621
13.0393	287.84
13.0422	288.13
13.0541	288.205
13.0749	288.065
13.0926	288.001
13.0985	288.218
13.1015	288.505
13.1074	288.722
13.1487	288.094
13.1576	288.239
13.1874	287.887
13.2024	287.887
13.2054	288.171
13.2113	288.387
13.2685	287.39
13.2806	287.459
13.3287	286.685
13.3346	286.899
13.3406	287.11
13.3975	286.137
13.4093	286.214
13.4299	286.086
13.4357	286.301
13.4626	286.029
13.4805	285.965
13.4836	286.241
13.5195	285.763
13.5376	285.695
13.5557	285.627
13.583	285.349
13.6248	284.745
13.6752	283.95
13.6843	284.088
13.6935	284.222
13.747	283.365
13.7887	282.777
13.8035	282.787
13.8338	282.455
13.8369	282.725
13.84	282.994
13.8607	282.874
13.8666	283.08
13.8695	283.353
13.9114	282.766
13.9143	283.038
13.9387	282.838
13.9416	283.109
13.9445	283.38
13.9504	283.586
13.9621	283.663
13.9975	283.221
14.0094	283.295
14.0182	283.436
14.0244	283.633
14.0422	283.577
14.0632	283.451
14.0662	283.718
14.081	283.727
14.0871	283.926
14.1019	283.935
14.114	284.002
14.1169	284.27
14.1437	284.018
14.1973	283.189
14.2002	283.455
14.2093	283.587
14.224	283.599
14.2358	283.672
14.2387	283.938
14.2533	283.951
14.2563	284.213
14.2653	284.347
14.2682	284.611
14.274	284.813
14.3098	284.37
14.3304	284.254
14.3486	284.19
14.3725	284.004
14.3875	284.009
14.3995	284.077
14.4024	284.339
14.4085	284.532
14.4296	284.407
14.4414	284.479
14.4447	284.731
14.4658	284.605
14.5015	284.171
14.522	284.059
14.537	284.064
14.546	284.194
14.5524	284.38
14.5673	284.386
14.5792	284.455
14.5854	284.644
14.6064	284.521
14.6094	284.777
14.6273	284.72
14.648	284.604
14.6631	284.606
14.6908	284.344
14.6998	284.473
14.7148	284.477
14.7236	284.61
14.7295	284.803
14.7476	284.742
14.7505	284.997
14.7895	284.503
14.7957	284.689
14.8079	284.75
14.8109	285.002
14.8168	285.194
14.8197	285.447
14.8226	285.701
14.8255	285.954
14.8284	286.208
14.876	285.535
14.879	285.785
14.8819	286.037
14.8969	286.04
14.9147	285.984
14.93	285.98
14.9329	286.231
14.9358	286.483
14.9448	286.608
14.9656	286.49
14.9897	286.305
15.0194	286.005
15.0223	286.255
15.0253	286.503
15.0311	286.693
15.0341	286.94
15.0432	287.062
15.0642	286.94
15.1088	286.337
15.112	286.579
15.1208	286.707
15.1538	286.343
15.1597	286.529
15.1838	286.346
15.1928	286.47
15.2016	286.597
15.2164	286.602
15.2254	286.725
15.2405	286.724
15.2464	286.909
15.2613	286.913
15.2672	287.097
15.2848	287.046
15.2907	287.23
15.3025	287.295
15.3144	287.359
15.3294	287.359
15.3563	287.121
15.3622	287.304
15.3654	287.542
15.3687	287.777
15.3803	287.846
15.3982	287.788
15.4102	287.848
15.4308	287.736
15.4337	287.979
15.4696	287.561
15.503	287.196
15.5088	287.379
15.5209	287.437
15.5238	287.678
15.5363	287.728
15.5394	287.965
15.56	287.854
15.5632	288.088
15.575	288.151
15.5779	288.391
15.5897	288.454
15.6252	288.048
15.646	287.934
15.6519	288.113
15.6611	288.227
15.6641	288.464
15.67	288.643
15.6848	288.646
15.7056	288.531
15.7085	288.769
15.7298	288.644
15.7357	288.822
15.7475	288.884
15.7505	289.119
15.7623	289.181
15.78	289.127
15.7919	289.186
15.8127	289.071
15.8217	289.188
15.8423	289.077
15.8512	289.195
15.8632	289.252
15.8816	289.185
15.8938	289.238
15.9087	289.239
15.9145	289.417
15.9174	289.651
15.9293	289.709
15.9501	289.595
15.9532	289.825
15.9652	289.881
15.9712	290.054
16.0248	289.304
16.0307	289.479
16.0458	289.475
16.0517	289.649
16.0752	289.484
16.093	289.429
16.1049	289.487
16.117	289.541
16.1586	289.03
16.1764	288.975
16.1794	289.203
16.1823	289.433
16.2089	289.211
16.2119	289.438
16.248	289.035
16.2509	289.264
16.2569	289.434
16.263	289.602
16.3466	288.302
16.4387	286.857
16.4476	286.972
16.4565	287.087
16.4597	287.307
16.4749	287.304
16.4838	287.418
16.4867	287.644
16.4985	287.704
16.5075	287.816
16.5104	288.042
16.5428	287.718
16.5579	287.716
16.5639	287.884
16.5698	288.053
16.5991	287.788
16.608	287.901
16.6169	288.014
16.6229	288.18
16.6318	288.293
16.6347	288.516
16.6677	288.183
16.6826	288.185
16.6919	288.29
16.7158	288.126
16.7187	288.348
16.7246	288.515
16.7277	288.733
16.7813	288.024
16.7844	288.242
16.8141	287.973
16.8558	287.487
16.8854	287.222
16.9062	287.118
16.921	287.122
16.9357	287.129
16.9474	287.189
16.9625	287.188
16.9714	287.299
16.9773	287.464
17.0045	287.244
17.0075	287.461
17.0104	287.679
17.0163	287.844
17.0311	287.847
17.034	288.065
17.0671	287.74
17.07	287.957
17.0759	288.121
17.0789	288.336
17.1115	288.02
17.1145	288.235
17.1537	287.802
17.1597	287.963
17.1629	288.174
17.1689	288.335
17.1781	288.438
17.2297	287.785
17.2327	287.999
17.2479	287.995
17.2657	287.945
17.2687	288.159
17.2716	288.373
17.2776	288.533
17.3012	288.38
17.3102	288.486
17.3495	288.055
17.3553	288.218
17.3612	288.378
17.3911	288.115
17.4265	287.756
17.444	287.712
17.4593	287.707
17.4802	287.604
17.4862	287.762
17.492	287.923
17.5246	287.616
17.5306	287.773
17.5423	287.831
17.5722	287.572
17.5781	287.73
17.5811	287.94
17.6082	287.729
17.6174	287.83
17.635	287.785
17.6469	287.839
17.6766	287.585
17.6795	287.794
17.6826	288.001
17.6885	288.158
17.6915	288.366
17.7183	288.161
17.7245	288.313
17.7363	288.368
17.7451	288.475
17.7688	288.324
17.7838	288.324
17.8048	288.221
17.8107	288.377
17.8137	288.583
17.8167	288.789
17.8227	288.943
17.8345	288.997
17.8492	289.002
17.864	289.004
17.867	289.209
17.8729	289.365
17.8788	289.52
17.9117	289.211
17.9207	289.313
17.9268	289.464
17.9537	289.259
17.9566	289.465
17.9625	289.62
17.9801	289.574
17.983	289.779
17.986	289.983
17.9921	290.134
18.0095	290.091
18.0301	289.993
18.0783	289.426
18.0875	289.523
18.0905	289.726
18.1143	289.575
18.1202	289.728
18.1322	289.777
18.1413	289.876
18.1472	290.028
18.1889	289.575
18.2158	289.373
18.2189	289.572
18.2427	289.422
18.2809	289.032
18.299	288.979
18.3113	289.023
18.3355	288.868
18.3384	289.07
18.3476	289.166
18.3594	289.218
18.3684	289.317
18.3866	289.263
18.3926	289.412
18.4015	289.512
18.4196	289.459
18.4463	289.263
18.4522	289.414
18.4552	289.612
18.4643	289.709
18.515	289.115
18.5238	289.217
18.5327	289.317
18.5539	289.213
18.5749	289.113
18.6019	288.914
18.6078	289.063
18.6436	288.721
18.7115	287.855
18.7385	287.66
18.7415	287.856
18.7473	288.005
18.7684	287.906
18.7743	288.054
18.8426	287.191
18.8455	287.387
18.8514	287.535
18.8756	287.387
18.8937	287.337
18.8966	287.533
18.9114	287.536
18.9261	287.541
18.9534	287.344
18.9653	287.395
18.98	287.4
19.0098	287.164
19.0393	286.933
19.0452	287.079
19.0481	287.272
19.1106	286.518
19.1254	286.522
19.1346	286.615
19.1405	286.76
19.1938	286.156
19.2028	286.252
19.2267	286.114
19.2566	285.881
19.2598	286.068
19.2628	286.258
19.3021	285.878
19.308	286.023
19.3138	286.168
19.3284	286.176
19.373	285.715
19.4086	285.397
19.4147	285.537
19.4207	285.679
19.4236	285.869
19.4658	285.449
19.4716	285.593
19.4808	285.685
19.4867	285.828
19.4925	285.972
19.5018	286.062
19.5137	286.112
19.5256	286.161
19.5379	286.205
19.5437	286.348
19.5673	286.217
19.5909	286.085
19.5999	286.18
19.6149	286.181
19.6208	286.323
19.6267	286.464
19.6386	286.513
19.6505	286.562
19.6593	286.659
19.6686	286.748
19.6835	286.75
19.696	286.79
19.708	286.837
19.7138	286.979
19.7168	287.164
19.7288	287.211
19.7317	287.398
19.7406	287.492
19.7527	287.537
19.759	287.671
19.765	287.81
19.7681	287.993
19.7713	288.174
19.7803	288.266
19.7896	288.354
19.7984	288.449
19.8013	288.635
19.8044	288.817
19.8402	288.497
19.8644	288.356
19.8703	288.495
19.8824	288.539
19.8854	288.722
19.8972	288.771
19.9123	288.768
19.9182	288.907
19.9331	288.908
19.936	289.092
19.9389	289.276
19.951	289.32
19.954	289.502
19.9569	289.686
19.9598	289.87
19.9628	290.053
19.9992	289.724
20.0022	289.906
20.0081	290.043
20.011	290.227
20.017	290.363
20.02	290.545
20.0796	289.862
20.0827	290.041
20.0856	290.224
20.0917	290.358
20.1278	290.035
20.1555	289.841
20.1645	289.93
20.2395	289.022
20.2727	288.748
20.3088	288.431
20.3119	288.609
20.3429	288.369
20.346	288.547
20.3612	288.543
20.3674	288.674
20.3703	288.854
20.3766	288.984
20.3827	289.116
20.3856	289.296
20.3886	289.475
20.392	289.647
20.4014	289.73
20.4084	289.848
20.4115	290.025
20.4144	290.204
20.4175	290.381
20.4239	290.508
20.4269	290.686
20.4329	290.819
20.4361	290.994
20.4392	291.17
20.4422	291.348
20.4454	291.522
20.4545	291.608
20.4729	291.554
20.476	291.73
20.4792	291.904
20.4913	291.945
