1.05782	0
1.0608	735.945
1.06971	584.574
1.10648	251.406
1.1185	271.826
1.12173	323.353
1.13072	341.998
1.15767	294.335
1.17229	294.479
1.1843	300.533
1.19308	312.704
1.25253	240.486
1.25566	258.257
1.26775	263.885
1.28283	265.38
1.29789	266.711
1.30377	277.769
1.3101	287.808
1.32528	287.627
1.42449	222.102
1.43362	228.155
1.45461	226.982
1.4578	235.907
1.46073	244.85
1.47901	244.482
1.482	252.886
1.50939	247.15
1.51827	251.737
1.54228	248.199
1.58461	236.52
1.58767	243.271
1.59961	245.869
1.60556	251.058
1.62334	250.805
1.63216	254.457
1.64708	255.341
1.67425	251.114
1.68319	254.417
1.71615	248.268
1.72793	250.342
1.73712	253.302
1.75223	254.008
1.76136	256.841
1.78274	255.231
1.78907	258.915
1.79832	261.505
1.81949	259.914
1.8254	263.527
1.84041	263.991
1.84641	267.448
1.88212	261.125
1.89701	261.638
1.89992	265.849
1.9205	264.519
1.92347	268.589
1.93262	270.711
1.93555	274.716
1.98659	264.302
2.00123	264.779
2.02796	261.945
2.0461	261.509
2.07849	257.454
2.08147	260.915
2.08463	264.31
2.10826	262.482
2.11118	265.846
2.1291	265.433
2.16196	261.456
2.17079	263.259
2.18263	264.326
2.18564	267.443
2.18857	270.562
2.19752	272.224
2.21247	272.44
2.21569	275.406
2.22793	276.215
2.23104	279.158
2.27304	273.079
2.27605	275.943
2.28196	278.135
2.31218	274.886
2.32395	275.74
2.33308	277.151
2.3361	279.869
2.35369	279.405
2.40539	271.907
2.40842	274.49
2.41746	275.84
2.42048	278.393
2.46504	272.66
2.47397	273.988
2.49771	272.474
2.50064	274.91
2.57768	263.838
2.58376	265.615
2.59553	266.39
2.61031	266.636
2.61618	268.4
2.64012	267.072
2.65209	267.775
2.66734	267.922
2.75154	257.172
2.76367	257.874
2.7756	258.597
2.78167	260.19
2.80611	259.025
2.81197	260.62
2.81797	262.184
2.8387	261.558
2.85061	262.229
2.85353	264.205
2.86263	265.265
2.87147	266.353
2.8775	267.842
2.88052	269.765
2.95802	261.049
2.96399	262.496
2.97303	263.511
2.98487	264.133
3.02372	261.115
3.02974	262.506
3.07116	259.256
3.10154	257.519
3.1045	259.254
3.12203	259.146
3.1609	256.414
3.16678	257.746
3.17268	259.067
3.18162	260.01
3.18453	261.683
3.20227	261.533
3.21702	261.747
3.22286	263.034
3.23192	263.924
3.30972	256.733
3.31558	257.979
3.31879	259.521
3.32771	260.404
3.35454	259.244
3.36046	260.452
3.36343	261.988
3.37243	262.835
3.37535	264.366
3.38125	265.552
3.38739	266.706
3.39333	267.875
3.40833	268.004
3.43509	266.806
3.45012	266.935
3.45313	268.401
3.45916	269.525
3.46526	270.635
3.48347	270.385
3.48646	271.829
3.51355	270.591
3.51654	272.017
3.52831	272.469
3.5612	270.617
3.59358	268.867
3.5966	270.248
3.60255	271.312
3.61452	271.731
3.62949	271.829
3.63834	272.57
3.64723	273.302
3.67412	272.145
3.68307	272.862
3.69535	273.229
3.70122	274.256
3.70413	275.585
3.72206	275.352
3.75484	273.609
3.76674	274.001
3.80531	271.73
3.80822	273.012
3.81126	274.278
3.8201	274.963
3.85292	273.282
3.87104	273.058
3.88309	273.422
3.90982	272.375
3.91873	273.036
3.93091	273.382
3.96688	271.488
3.97566	272.151
3.97856	273.359
3.98736	274.012
3.99325	274.933
4.0082	275.004
4.01112	276.193
4.01408	277.377
4.0267	277.653
4.05024	276.913
4.06488	277.001
4.06784	278.163
4.09427	277.165
4.10325	277.766
4.12095	277.572
4.14194	277.084
4.14799	277.938
4.15426	278.77
4.15726	279.893
4.16629	280.469
4.16929	281.586
4.18703	281.37
4.19296	282.215
4.19889	283.057
4.20511	283.869
4.22885	283.107
4.23767	283.68
4.24938	283.993
4.25246	285.07
4.27933	284.034
4.28814	284.596
4.29105	285.675
4.29713	286.472
4.32374	285.462
4.33877	285.471
4.3509	285.731
4.35693	286.517
4.35984	287.572
4.39878	285.515
4.42282	284.76
4.43807	284.753
4.44693	285.283
4.45864	285.571
4.46751	286.094
4.48885	285.575
4.50373	285.595
4.53347	284.395
4.53932	285.158
4.54237	286.147
4.56635	285.423
4.59024	284.716
4.60506	284.745
4.62293	284.529
4.62592	285.501
4.64073	285.526
4.64679	286.247
4.64993	287.199
4.65295	288.158
4.65589	289.123
4.66798	289.351
4.68886	288.877
4.71237	288.202
4.71535	289.147
4.74818	287.747
4.75108	288.69
4.75998	289.162
4.77198	289.391
4.79275	288.938
4.80169	289.402
4.80764	290.094
4.8166	290.552
4.8254	291.019
4.87687	288.231
4.90076	287.563
4.90964	288.022
4.91583	288.679
4.92183	289.348
4.92475	290.246
4.93659	290.474
4.94842	290.701
4.9842	289.153
4.99919	289.149
5.03533	287.609
5.05692	287.137
5.06282	287.792
5.08706	287.134
5.1115	286.469
5.11448	287.322
5.13244	287.116
5.13833	287.76
5.14708	288.201
5.15002	289.049
5.15295	289.896
5.16195	290.313
5.2183	287.421
5.24171	286.846
5.24781	287.459
5.2566	287.886
5.38431	280.391
5.39307	280.821
5.4316	279.336
5.45235	279
5.47026	278.847
5.47326	279.635
5.52052	277.643
5.55935	276.209
5.56225	276.989
5.5948	275.955
5.61875	275.453
5.63373	275.496
5.63667	276.262
5.67229	275.066
5.69339	274.746
5.73548	273.199
5.74138	273.777
5.75053	274.163
5.75664	274.726
5.76273	275.288
5.83185	272.209
5.87062	270.914
5.89754	270.301
5.90374	270.846
5.90671	271.57
5.92489	271.444
5.93372	271.838
5.96056	271.231
5.96351	271.948
5.96942	272.5
5.97821	272.891
6.00775	272.136
6.01683	272.509
6.0257	272.891
6.03482	273.259
6.04957	273.317
6.05258	274.017
6.05561	274.715
6.06153	275.253
6.06744	275.79
6.07655	276.15
6.08239	276.688
6.10013	276.572
6.10894	276.944
6.13283	276.492
6.14777	276.529
6.1507	277.218
6.18385	276.269
6.18675	276.954
6.22008	276.004
6.22605	276.52
6.22895	277.2
6.23764	277.569
6.24359	278.083
6.24652	278.759
6.25245	279.272
6.2822	278.509
6.2852	279.175
6.29422	279.519
6.30319	279.864
6.30902	280.376
6.31485	280.886
6.32376	281.231
6.3328	281.568
6.3386	282.077
6.35968	281.77
6.39541	280.694
6.41338	280.559
6.41926	281.057
6.4311	281.241
6.43413	281.886
6.44897	281.911
6.46417	281.918
6.47621	282.088
6.49098	282.117
6.49387	282.761
6.50881	282.778
6.51469	283.265
6.55651	281.897
6.55951	282.528
6.56565	282.998
6.58349	282.866
6.58947	283.341
6.59242	283.97
6.59841	284.442
6.60772	284.743
6.61948	284.918
6.65844	283.708
6.66441	284.176
6.67943	284.185
6.70033	283.898
6.75423	281.971
6.78691	281.118
6.79894	281.281
6.80193	281.886
6.80784	282.348
6.81659	282.669
6.82269	283.119
6.84387	282.829
6.84681	283.431
6.8917	281.992
6.89762	282.445
6.90351	282.899
6.9184	282.918
6.94809	282.225
6.954	282.675
6.96291	282.98
6.96884	283.427
6.99568	282.873
7.01352	282.751
7.02565	282.901
7.03783	283.047
7.04373	283.489
7.05273	283.784
7.06152	284.088
7.06752	284.523
7.07923	284.687
7.09395	284.708
7.11179	284.583
7.11763	285.022
7.13236	285.042
7.16514	284.219
7.17116	284.646
7.17716	285.073
7.18357	285.479
7.18654	286.046
7.18944	286.615
7.21613	286.074
7.22803	286.222
7.23394	286.648
7.23692	287.208
7.2433	287.61
7.2585	287.602
7.2614	288.164
7.26728	288.586
7.27023	289.145
7.27915	289.424
7.28829	289.693
7.30012	289.836
7.3061	290.25
7.31795	290.39
7.32999	290.522
7.33293	291.074
7.36261	290.389
7.38372	290.103
7.38958	290.516
7.41332	290.111
7.45538	288.88
7.46418	289.157
7.47015	289.561
7.48566	289.535
7.50947	289.136
7.51239	289.674
7.53336	289.403
7.54228	289.671
7.56916	289.139
7.59632	288.599
7.61994	288.219
7.62604	288.609
7.62902	289.135
7.63209	289.657
7.63516	290.178
7.65594	289.919
7.66768	290.058
7.67351	290.455
7.67945	290.847
7.69742	290.71
7.71512	290.586
7.71804	291.107
7.74145	290.734
7.75035	290.993
7.75923	291.252
7.76227	291.764
7.77412	291.892
7.87243	288.317
7.88114	288.582
7.8841	289.089
7.91181	288.551
7.91474	289.058
7.92943	289.068
7.93855	289.313
7.94444	289.693
7.9563	289.821
7.97442	289.686
8.01308	288.697
8.0372	288.319
8.04319	288.69
8.06396	288.451
8.08811	288.075
8.10292	288.082
8.11488	288.206
8.12366	288.459
8.12956	288.829
8.1326	289.316
8.13841	289.688
8.17434	288.833
8.18031	289.197
8.18324	289.684
8.19221	289.926
8.19826	290.285
8.2013	290.766
8.21912	290.646
8.24009	290.399
8.24309	290.878
8.28791	289.673
8.29994	289.788
8.33281	289.073
8.35352	288.845
8.3978	287.691
8.40659	287.935
8.42746	287.706
8.43349	288.056
8.46307	287.489
8.50467	286.464
8.51369	286.696
8.52249	286.937
8.56983	285.704
8.57275	286.168
8.57885	286.51
8.58799	286.736
8.60615	286.619
8.62136	286.613
8.6243	287.073
8.66924	285.946
8.67223	286.401
8.67816	286.745
8.68106	287.202
8.69615	287.2
8.6991	287.655
8.72016	287.428
8.73802	287.322
8.74692	287.551
8.76185	287.555
8.78567	287.227
8.79164	287.564
8.79751	287.904
8.80928	288.024
8.82756	287.903
8.85437	287.467
8.8603	287.802
8.87528	287.803
8.90232	287.362
8.90526	287.804
8.92038	287.8
8.95882	286.947
8.98598	286.509
9.00069	286.523
9.00361	286.961
9.03069	286.528
9.03946	286.755
9.04236	287.191
9.04833	287.517
9.05418	287.847
9.06026	288.168
9.06627	288.491
9.084	288.392
9.08993	288.717
9.09293	289.147
9.11716	288.813
9.12008	289.244
9.12297	289.676
9.12927	289.985
9.13849	290.189
9.14725	290.409
9.15607	290.626
9.17086	290.628
9.17718	290.934
9.18312	291.253
9.20091	291.147
9.20689	291.464
9.23943	290.833
9.24245	291.253
9.27837	290.506
9.29036	290.608
9.31113	290.4
9.34952	289.577
9.35246	289.995
9.37928	289.579
9.38217	289.998
9.41238	289.466
9.41824	289.78
9.42431	290.086
9.43323	290.293
9.4362	290.705
9.47172	289.992
9.47771	290.298
9.48663	290.504
9.51313	290.104
9.54602	289.489
9.55486	289.697
9.55779	290.105
9.5607	290.513
9.59618	289.812
9.59918	290.216
9.6264	289.799
9.66178	289.109
9.68828	288.722
9.69721	288.924
9.70014	289.326
9.72387	289.032
9.7592	288.355
9.76828	288.55
9.7773	288.747
9.78326	289.045
9.80388	288.858
9.80701	289.248
9.81293	289.546
9.82189	289.742
9.8309	289.937
9.83989	290.132
9.85766	290.037
9.86347	290.336
9.87233	290.535
9.88415	290.635
9.88705	291.029
9.88995	291.422
9.89597	291.712
9.90482	291.909
9.91079	292.2
9.91372	292.591
9.93228	292.466
9.93521	292.856
9.93847	293.234
9.94137	293.625
9.95312	293.723
9.97138	293.606
10.0038	293.025
10.0067	293.412
10.0097	293.796
10.0425	293.205
10.0875	292.222
10.0937	292.5
10.0996	292.787
10.1146	292.779
10.1267	292.865
10.1386	292.956
10.1623	292.668
10.1803	292.565
10.1863	292.845
10.2011	292.844
10.204	293.223
10.2071	293.596
10.21	293.975
10.222	294.061
10.2252	294.43
10.2283	294.801
10.2314	295.172
10.2582	294.782
10.267	294.97
10.27	295.342
10.2729	295.718
10.288	295.702
10.291	296.074
10.2998	296.259
10.324	295.952
10.3357	296.044
