1.057	0
1.07184	243.517
1.07509	411.625
1.08695	394.521
1.08988	482.951
1.10481	425.951
1.11676	413.661
1.12264	441.202
1.14055	399.769
1.16704	344.254
1.16995	372.896
1.17611	389.476
1.19687	363.101
1.21191	355.871
1.23267	338.691
1.23848	351.448
1.25334	346.918
1.25932	357.86
1.27708	348.731
1.2833	358.115
1.29546	357.971
1.32282	337.6
1.3528	318.179
1.35574	329.399
1.35867	340.414
1.37381	337.806
1.39469	329.781
1.45738	289.228
1.46929	291.336
1.47248	299.441
1.47541	307.612
1.49361	304.703
1.54483	281.703
1.54776	288.782
1.55066	295.795
1.55978	299.003
1.58051	295.435
1.59579	295.077
1.5988	301.377
1.61358	301.137
1.62564	302.341
1.62855	308.33
1.63729	311.116
1.66742	302.876
1.67063	308.306
1.67653	312.324
1.68242	316.272
1.6854	321.622
1.73574	304.207
1.74481	306.467
1.81922	282.309
1.843	279.275
1.85483	280.544
1.85773	284.907
1.88431	280.989
1.89611	282.182
1.9051	284.277
1.91097	287.371
1.92309	288.335
1.93506	289.321
1.93797	293.256
1.95593	292.206
1.96481	294.1
1.98272	293.08
1.98864	295.846
2.00039	296.738
2.03101	291.859
2.04861	291.038
2.07547	287.614
2.07843	291
2.08433	293.527
2.09613	294.349
2.11097	294.303
2.12601	294.204
2.13501	295.751
2.14981	295.699
2.16787	294.783
2.2005	290.161
2.21842	289.405
2.23624	288.697
2.2631	285.856
2.26909	288.002
2.27208	290.842
2.28109	292.227
2.29294	292.919
2.33175	287.403
2.34075	288.75
2.34379	291.419
2.38589	285.45
2.3888	288.065
2.42183	284.267
2.42473	286.817
2.45742	283.214
2.46331	285.096
2.48088	284.613
2.49566	284.692
2.51055	284.747
2.52599	284.695
2.5437	284.211
2.55259	285.407
2.55579	287.676
2.55869	289.993
2.57642	289.453
2.59994	287.844
2.62067	286.792
2.65058	284.125
2.66855	283.638
2.67161	285.773
2.68343	286.351
2.6985	286.354
2.71063	286.865
2.73772	284.815
2.74355	286.389
2.75278	287.376
2.75587	289.393
2.76199	290.885
2.7739	291.383
2.77707	293.354
2.78605	294.327
2.79793	294.799
2.83057	291.815
2.8335	293.762
2.84239	294.717
2.85725	294.684
2.86924	295.118
2.87229	296.999
2.87821	298.403
2.89311	298.334
2.89898	299.727
2.93786	295.834
2.94076	297.669
2.94668	299.02
2.96139	298.979
2.97924	298.451
3.01194	295.673
3.01486	297.436
3.01778	299.193
3.04222	297.688
3.04821	298.96
3.05406	300.246
3.06606	300.602
3.10181	297.464
3.11373	297.84
3.11673	299.501
3.1226	300.74
3.12557	302.394
3.14058	302.289
3.20034	295.885
3.21528	295.838
3.23033	295.778
3.24275	296.073
3.24587	297.622
3.33797	287.512
3.36143	286.461
3.3911	284.673
3.41192	283.991
3.43252	283.348
3.46568	281.243
3.49819	279.27
3.50994	279.692
3.52178	280.101
3.54254	279.5
3.5458	280.868
3.55816	281.207
3.56754	281.877
3.57053	283.258
3.59696	282.013
3.62982	280.093
3.64149	280.499
3.6594	280.229
3.67426	280.288
3.6772	281.621
3.68308	282.634
3.70996	281.4
3.71903	282.064
3.74571	280.873
3.74868	282.166
3.79342	279.135
3.79928	280.113
3.81115	280.474
3.81411	281.738
3.81702	283.005
3.82881	283.359
3.83487	284.295
3.85254	284.044
3.85844	284.987
3.87332	285.015
3.87636	286.239
3.88222	287.173
3.89416	287.487
3.92111	286.291
3.93018	286.89
3.93308	288.102
3.94487	288.421
3.99546	284.929
4.05173	281.022
4.07617	280.179
4.07909	281.336
4.1088	280.014
4.11764	280.617
4.12364	281.475
4.13304	282.019
4.13617	283.134
4.1451	283.714
4.15108	284.561
4.18089	283.23
4.18384	284.343
4.20516	283.79
4.25873	280.394
4.26468	281.22
4.2676	282.309
4.2705	283.398
4.27353	284.473
4.30387	283.146
4.30683	284.217
4.31871	284.506
4.32163	285.574
4.3426	285.066
4.34859	285.859
4.35732	286.411
4.36333	287.197
4.42544	283.187
4.4314	283.966
4.46453	282.475
4.48234	282.267
4.48539	283.275
4.49462	283.771
4.50045	284.545
4.52157	284.057
4.53362	284.315
4.54258	284.823
4.55148	285.334
4.5722	284.881
4.58716	284.898
4.626	283.009
4.64092	283.036
4.65562	283.08
4.66754	283.342
4.67362	284.06
4.68247	284.558
4.68849	285.275
4.69442	285.997
4.70048	286.706
4.70344	287.657
4.7185	287.654
4.77225	284.658
4.78721	284.674
4.79309	285.382
4.81972	284.511
4.82273	285.43
4.84123	285.176
4.90394	281.653
4.90995	282.335
4.92781	282.148
4.93663	282.62
4.94559	283.079
4.9544	283.547
4.96936	283.567
4.9841	283.603
4.99017	284.263
4.99605	284.935
5.00784	285.178
5.03741	284.146
5.04331	284.808
5.05799	284.843
5.06684	285.291
5.07276	285.946
5.08181	286.376
5.0849	287.228
5.08787	288.088
5.10322	288.063
5.13294	287.023
5.14491	287.239
5.14791	288.084
5.15682	288.511
5.1657	288.939
5.18049	288.95
5.19228	289.171
5.20149	289.57
5.21054	289.979
5.2135	290.811
5.22249	291.22
5.22546	292.049
5.24608	291.643
5.2607	291.656
5.27846	291.452
5.28144	292.269
5.31108	291.249
5.32613	291.234
5.37673	288.824
5.37969	289.625
5.38261	290.428
5.38841	291.036
5.40621	290.838
5.41797	291.044
5.51356	285.775
5.51662	286.547
5.53156	286.555
5.5404	286.954
5.5433	287.731
5.57316	286.785
5.60611	285.658
5.60906	286.422
5.61817	286.797
5.63923	286.422
5.64223	287.176
5.65123	287.553
5.65414	288.311
5.66899	288.319
5.68784	288.078
5.73599	286.038
5.74507	286.406
5.74814	287.139
5.75701	287.516
5.7693	287.682
5.7811	287.878
5.80201	287.52
5.81714	287.514
5.84693	286.628
5.87958	285.584
5.89438	285.603
5.90609	285.804
5.93589	284.945
5.94782	285.133
5.95681	285.491
5.97444	285.346
5.98331	285.709
5.99804	285.732
6.03404	284.534
6.04303	284.887
6.04895	285.414
6.06377	285.432
6.06667	286.129
6.06967	286.819
6.07566	287.337
6.0874	287.525
6.0996	287.686
6.13572	286.491
6.14456	286.842
6.15941	286.854
6.16527	287.371
6.16822	288.05
6.17436	288.548
6.1865	288.707
6.20404	288.563
6.21296	288.901
6.2218	289.243
6.2247	289.916
6.23364	290.25
6.28749	288.089
6.29357	288.579
6.29653	289.24
6.3055	289.568
6.32039	289.57
6.32629	290.065
6.32928	290.72
6.33517	291.214
6.33812	291.869
6.34103	292.525
6.37141	291.666
6.39227	291.336
6.39525	291.982
6.40438	292.291
6.41033	292.773
6.41325	293.42
6.42209	293.741
6.43109	294.053
6.43399	294.697
6.44296	295.009
6.4518	295.326
6.46082	295.632
6.47598	295.602
6.48491	295.912
6.50013	295.878
6.50608	296.347
6.51803	296.49
6.52699	296.794
6.57148	295.184
6.59261	294.837
6.60432	294.994
6.61322	295.299
6.6193	295.752
6.64054	295.401
6.66748	294.753
6.71681	292.948
6.7288	293.09
6.73801	293.376
6.741	293.981
6.74704	294.428
6.76782	294.113
6.78273	294.102
6.78571	294.703
6.79457	295
6.7975	295.602
6.80046	296.201
6.81511	296.198
6.84494	295.418
6.85679	295.559
6.86262	296.007
6.87174	296.285
6.88696	296.253
6.88992	296.843
6.91653	296.232
6.94334	295.617
6.94945	296.043
6.95235	296.63
6.95824	297.066
6.96121	297.648
6.96709	298.083
6.97618	298.355
6.97913	298.935
6.98829	299.202
7.00324	299.176
7.00621	299.753
7.01222	300.175
7.01543	300.738
7.01841	301.312
7.02149	301.881
7.03634	301.853
7.04531	302.123
7.05419	302.395
7.06608	302.516
7.08443	302.312
7.11108	301.695
7.16443	299.768
7.18225	299.601
7.21474	298.722
7.22055	299.141
7.22349	299.699
7.22935	300.114
7.23235	300.668
7.25913	300.066
7.26504	300.476
7.28301	300.303
7.2982	300.264
7.31879	299.967
7.32788	300.221
7.34853	299.922
7.35163	300.461
7.36042	300.727
7.36946	300.98
7.37828	301.244
7.4022	300.789
7.43204	300.059
7.4382	300.446
7.44112	300.985
7.46212	300.673
7.46804	301.069
7.47097	301.605
7.51249	300.335
7.52138	300.59
7.52439	301.118
7.53341	301.365
7.55753	300.912
7.57257	300.88
7.58143	301.134
7.58725	301.527
7.6019	301.512
7.6139	301.619
7.63188	301.451
7.64656	301.435
7.66477	301.258
7.68859	300.828
7.70042	300.942
7.73295	300.124
7.76539	299.317
7.77131	299.696
7.77732	300.071
7.78021	300.584
7.79492	300.569
7.80966	300.552
7.82435	300.538
7.82725	301.048
7.84784	300.771
7.8567	301.014
7.85978	301.513
7.87174	301.618
7.90124	300.949
7.93983	299.89
7.9876	298.447
7.9938	298.803
8.00858	298.789
8.01759	299.022
8.02356	299.386
8.04446	299.109
8.05317	299.354
8.05606	299.847
8.06494	300.084
8.08288	299.933
8.09794	299.905
8.17243	297.373
8.19048	297.226
8.19937	297.461
8.22606	296.956
8.27667	295.474
8.33318	293.773
8.35692	293.41
8.35985	293.884
8.38681	293.392
8.40457	293.271
8.42245	293.146
8.43134	293.378
8.44923	293.252
8.47289	292.9
8.48474	293.014
8.48767	293.479
8.4906	293.945
8.50265	294.049
8.5387	293.21
8.58057	292.153
8.6102	291.579
8.62194	291.697
8.6487	291.239
8.65747	291.471
8.70236	290.325
8.71142	290.546
8.76541	289.072
8.77145	289.405
8.78026	289.634
8.80166	289.392
8.80755	289.729
8.81344	290.066
8.84593	289.411
8.85487	289.633
8.85789	290.074
8.87003	290.177
8.89057	289.967
8.89647	290.3
8.90539	290.52
8.91713	290.636
8.93192	290.639
8.93482	291.08
8.93775	291.52
8.95851	291.301
8.99161	290.63
8.99465	291.063
9.04535	289.757
9.12246	287.523
9.12839	287.847
9.13445	288.166
9.13749	288.592
9.16451	288.163
9.1822	288.067
9.18819	288.386
9.21188	288.078
9.22383	288.186
9.23283	288.397
9.25412	288.175
9.26595	288.286
9.27783	288.395
9.30428	287.994
9.31304	288.211
9.31886	288.531
9.34599	288.108
9.37262	287.705
9.39081	287.595
9.46544	285.557
9.47752	285.661
9.51613	284.868
9.54045	284.561
9.54633	284.872
9.55233	285.179
9.59397	284.295
9.59688	284.704
9.65022	283.44
9.65323	283.843
9.65613	284.249
9.6741	284.158
9.67711	284.56
9.68589	284.771
9.70371	284.683
9.70951	284.992
9.71245	285.394
9.73314	285.211
9.75074	285.131
9.77829	284.726
9.78731	284.926
9.80848	284.731
9.82045	284.835
9.84112	284.656
9.84717	284.952
9.8501	285.348
9.85315	285.74
9.85921	286.034
9.86217	286.428
9.8681	286.726
9.871	287.121
9.88872	287.034
9.89478	287.326
9.90076	287.62
9.92141	287.438
9.92733	287.733
9.93915	287.836
9.94796	288.037
9.95683	288.235
9.9628	288.527
9.96613	288.904
9.98992	288.618
9.99297	289.003
10.0049	289.1
10.0231	288.995
10.0291	289.284
10.032	289.671
10.047	289.669
10.0534	289.943
10.0864	289.362
10.0927	289.638
10.1252	289.076
10.1435	288.97
10.1732	288.502
10.1819	288.7
10.2087	288.327
10.2207	288.421
10.2387	288.326
10.2416	288.705
10.2446	289.081
10.2536	289.268
10.2806	288.89
10.3076	288.514
10.3106	288.887
10.3314	288.705
10.3343	289.08
10.3553	288.892
10.4057	287.797
10.4089	288.16
10.418	288.341
10.4302	288.427
10.4421	288.522
10.4509	288.711
10.4597	288.9
10.4745	288.905
10.4806	289.176
10.5046	288.899
10.5077	289.261
10.5315	288.991
10.5493	288.904
10.5551	289.182
10.5643	289.357
10.579	289.364
10.5999	289.183
10.6059	289.453
10.6148	289.636
10.6241	289.806
10.63	290.078
10.6511	289.891
10.6806	289.451
10.6894	289.635
10.6924	289.993
10.6956	290.345
10.6986	290.702
10.7251	290.353
10.7794	289.176
10.7913	289.266
10.8035	289.347
10.8126	289.52
10.8189	289.776
10.822	290.126
10.8403	290.025
10.8432	290.38
10.8523	290.551
10.8618	290.71
10.8649	291.059
10.8864	290.862
10.8895	291.209
10.8957	291.465
10.8987	291.815
10.908	291.978
10.923	291.972
10.932	292.143
10.9562	291.865
10.9595	292.204
10.9715	292.286
10.9925	292.103
10.9957	292.444
11.0134	292.358
