1.06008	0
1.08726	143.665
1.0991	206.156
1.11085	241.521
1.11702	288.818
1.11995	344.168
1.13224	345.37
1.14418	347.626
1.15035	370.975
1.17386	333.248
1.19823	306.296
1.20113	330.138
1.22531	308.351
1.23479	316.216
1.26283	294.106
1.28077	289.829
1.2837	305.152
1.30808	292.718
1.31464	302.039
1.33057	300.241
1.34696	298.168
1.36334	296.325
1.37972	294.67
1.39611	293.167
1.41249	291.81
1.42888	290.565
1.44526	289.432
1.46164	288.392
1.47803	287.425
1.49441	286.538
1.5108	285.708
1.52718	284.942
1.54356	284.228
1.55995	283.555
1.57633	282.929
1.59272	282.337
1.6091	281.785
1.62548	281.265
1.64187	280.769
1.65825	280.305
1.67464	279.861
1.69102	279.444
1.7074	279.048
1.72379	278.668
1.74017	278.31
1.75656	277.964
1.77294	277.639
1.78932	277.328
1.80571	277.027
1.82209	276.742
1.83848	276.466
1.85486	276.204
1.87124	275.954
1.88763	275.709
1.90401	275.478
1.9204	275.252
1.93678	275.037
1.95316	274.831
1.96955	274.628
1.98593	274.436
2.00232	274.248
2.0187	274.069
2.03508	273.896
2.05147	273.726
2.06785	273.564
2.08424	273.404
2.10062	273.253
2.117	273.106
2.13339	272.96
2.14977	272.822
2.16616	272.685
2.18254	272.555
2.19892	272.429
2.21531	272.303
2.23169	272.184
2.24808	272.065
2.26446	271.952
2.28084	271.842
2.29723	271.733
2.31361	271.629
2.33	271.525
2.34638	271.426
2.36276	271.33
2.37915	271.234
2.39553	271.142
2.41192	271.05
2.4283	270.963
2.44468	270.878
2.46107	270.792
2.47745	270.711
2.49384	270.63
2.51022	270.552
2.5266	270.476
2.54299	270.4
2.55937	270.327
2.57576	270.254
2.59214	270.185
2.60852	270.117
2.62491	270.048
2.64129	269.983
2.65768	269.917
2.67406	269.855
2.69044	269.793
2.70683	269.732
2.72321	269.673
2.7396	269.613
2.75598	269.557
2.77236	269.501
2.78875	269.445
2.80513	269.391
2.82152	269.337
2.8379	269.286
2.85428	269.235
2.87067	269.184
2.88705	269.135
2.90344	269.086
2.91982	269.039
2.9362	268.993
2.95259	268.946
2.96897	268.901
2.98536	268.856
3.00174	268.813
3.01812	268.77
3.03451	268.727
3.05089	268.686
3.06728	268.645
3.08366	268.605
3.10004	268.566
3.11643	268.526
3.13281	268.488
3.1492	268.45
3.16558	268.413
3.18196	268.377
3.19835	268.341
3.21473	268.306
3.23112	268.27
3.2475	268.236
3.26388	268.203
3.28027	268.168
3.29665	268.136
3.31304	268.103
3.32942	268.071
3.3458	268.04
3.36219	268.009
3.37857	267.979
3.39496	267.948
3.41134	267.918
3.42772	267.889
3.44411	267.86
3.46049	267.832
3.47688	267.803
3.49326	267.776
3.50964	267.749
3.52603	267.721
3.54241	267.695
3.5588	267.668
3.57518	267.642
3.59156	267.617
3.60795	267.591
3.62433	267.566
3.64072	267.541
3.6571	267.517
3.67981	266.848
3.68987	267.469
3.70625	267.446
3.72264	267.422
3.73902	267.399
3.7554	267.377
3.77179	267.354
3.78817	267.333
3.80456	267.31
3.82094	267.289
3.83732	267.268
3.85371	267.246
3.87009	267.226
3.88648	267.205
3.90286	267.185
3.91924	267.165
3.93563	267.145
3.95201	267.125
3.9684	267.105
3.98478	267.087
4.00116	267.068
4.01755	267.049
4.03393	267.03
4.05032	267.011
4.0667	266.994
4.08308	266.976
4.09947	266.958
4.11585	266.94
4.13224	266.922
4.14862	266.906
4.165	266.889
4.18139	266.872
4.19777	266.855
4.21416	266.838
4.23054	266.822
4.24692	266.806
4.26331	266.79
4.27969	266.774
4.29608	266.758
4.31246	266.743
4.32884	266.728
4.34523	266.712
4.36161	266.697
4.378	266.682
4.39438	266.667
4.41076	266.653
4.42715	266.638
4.44353	266.624
4.45992	266.609
4.4763	266.596
4.49268	266.582
4.50907	266.568
4.52545	266.554
4.54184	266.54
4.55822	266.527
4.5746	266.514
4.59099	266.501
4.60737	266.488
4.62376	266.475
4.64014	266.462
4.65652	266.45
4.67291	266.437
4.68929	266.424
4.70568	266.412
4.72206	266.4
4.73844	266.388
4.75483	266.375
4.77121	266.364
4.7876	266.351
4.80398	266.34
4.82036	266.329
4.83675	266.317
4.85313	266.306
4.86952	266.294
4.8859	266.283
4.90228	266.272
4.91867	266.261
4.93505	266.25
4.95144	266.239
4.96782	266.228
4.9842	266.218
5.00059	266.207
5.01697	266.197
5.03336	266.186
5.04974	266.176
5.06612	266.166
5.08251	266.155
5.09889	266.145
5.11528	266.135
5.13166	266.125
5.14804	266.116
5.16443	266.106
5.18081	266.096
5.1972	266.086
5.21358	266.077
5.22996	266.068
5.24635	266.058
5.26273	266.049
5.27912	266.039
5.2955	266.031
5.31188	266.022
5.32827	266.012
5.34465	266.004
5.36104	265.994
5.37742	265.986
5.3938	265.977
5.41019	265.968
5.42657	265.96
5.44296	265.951
5.45934	265.943
5.47572	265.935
5.49211	265.926
5.50849	265.918
5.52488	265.909
5.54126	265.901
5.55764	265.893
5.57403	265.885
5.59041	265.877
5.6068	265.869
5.62318	265.861
5.63956	265.854
5.65595	265.846
5.67233	265.838
5.68872	265.83
5.7051	265.823
5.72148	265.815
5.73787	265.808
5.75425	265.8
5.77064	265.793
5.78702	265.785
5.8034	265.778
5.81979	265.771
5.83617	265.764
5.85256	265.756
5.86894	265.749
5.88532	265.743
5.90171	265.735
5.91809	265.729
5.93448	265.721
5.95086	265.715
5.96724	265.708
5.98363	265.701
6.00001	265.694
6.0164	265.687
6.03278	265.681
6.04916	265.675
6.06555	265.668
6.08193	265.662
6.09832	265.655
6.1147	265.649
6.13108	265.642
6.14747	265.636
6.16385	265.63
6.18024	265.623
6.19662	265.617
6.213	265.611
6.22939	265.605
6.24577	265.599
6.26216	265.592
6.27854	265.586
6.29492	265.581
6.31131	265.574
6.32769	265.569
6.34408	265.563
6.36046	265.557
6.37684	265.551
6.39323	265.545
6.40961	265.54
6.426	265.534
6.44238	265.528
6.45876	265.523
6.47515	265.517
6.49153	265.512
6.50792	265.506
6.5243	265.5
6.54068	265.495
6.55707	265.489
6.57345	265.484
6.58984	265.479
6.60622	265.473
6.6226	265.468
6.63899	265.463
6.65537	265.458
6.67176	265.452
6.68814	265.447
6.70452	265.442
6.72091	265.437
6.73729	265.432
6.75368	265.427
6.77006	265.422
6.78644	265.417
6.80283	265.412
6.81921	265.407
6.8356	265.402
6.85198	265.397
6.86836	265.392
6.88475	265.387
6.90113	265.383
6.91752	265.378
6.9339	265.373
6.95028	265.368
6.96667	265.363
6.98305	265.359
6.99944	265.354
7.01582	265.35
7.0322	265.345
7.04859	265.34
7.06497	265.336
7.08136	265.331
7.09774	265.327
7.11412	265.323
7.13051	265.318
7.14689	265.314
7.16328	265.309
7.17966	265.305
7.19604	265.301
7.21243	265.296
7.22881	265.292
7.2452	265.287
7.26158	265.283
7.27796	265.279
7.29435	265.275
7.31073	265.271
7.32712	265.266
7.3435	265.262
7.35988	265.258
7.37627	265.254
7.39265	265.25
7.40904	265.246
7.42542	265.242
7.4418	265.238
7.45819	265.234
7.47457	265.23
7.49096	265.226
7.50734	265.222
7.52372	265.218
7.54011	265.214
7.55649	265.21
7.57288	265.206
7.58926	265.202
7.60564	265.199
7.62203	265.195
7.63841	265.191
7.6548	265.187
7.67118	265.183
7.68756	265.18
7.70395	265.176
7.72033	265.172
7.73672	265.168
7.7531	265.165
7.76948	265.161
7.78587	265.158
7.80225	265.154
7.81864	265.15
7.83502	265.147
7.8514	265.143
7.86779	265.14
7.88417	265.136
7.90056	265.133
7.91694	265.129
7.93332	265.126
7.94971	265.122
7.96609	265.119
7.98248	265.115
7.99886	265.112
8.01524	265.109
8.03163	265.105
8.04801	265.102
8.0644	265.098
8.08078	265.095
8.09716	265.092
8.11355	265.089
8.12993	265.085
8.14632	265.082
8.1627	265.079
8.17908	265.076
8.19547	265.072
8.21185	265.069
8.22824	265.066
8.24462	265.063
8.261	265.06
8.27739	265.056
8.29377	265.053
8.31016	265.05
8.32654	265.047
8.34292	265.044
8.35931	265.041
8.37569	265.038
8.39208	265.035
8.40846	265.032
8.42484	265.029
8.44123	265.026
8.45761	265.023
8.474	265.02
8.49038	265.017
8.50676	265.014
8.52315	265.011
8.53953	265.008
8.55592	265.005
8.5723	265.002
8.58868	264.999
8.60507	264.996
8.62145	264.994
8.63784	264.99
8.65422	264.988
8.6706	264.985
8.68699	264.982
8.70337	264.979
8.71976	264.976
8.73614	264.974
8.75252	264.971
8.76891	264.968
8.78529	264.966
8.80168	264.963
8.81806	264.96
8.83444	264.957
8.85083	264.955
8.86721	264.952
8.8836	264.949
8.89998	264.947
8.91636	264.944
8.93275	264.941
8.94913	264.939
8.96552	264.936
8.9819	264.933
8.99828	264.931
9.01467	264.928
9.03105	264.926
9.04744	264.923
9.06382	264.92
9.0802	264.918
9.09659	264.915
9.11297	264.913
9.12936	264.91
9.14574	264.908
9.16212	264.905
9.17851	264.903
9.19489	264.9
9.21128	264.898
9.22766	264.895
9.24404	264.893
9.26043	264.89
9.27681	264.888
9.2932	264.886
9.30958	264.883
9.32596	264.881
9.34235	264.878
9.35873	264.876
9.37512	264.874
9.3915	264.871
9.40788	264.869
9.42427	264.867
9.44065	264.864
9.45704	264.862
9.47342	264.86
9.4898	264.857
9.50619	264.855
9.52257	264.853
9.53896	264.85
9.55534	264.848
9.57172	264.846
9.58811	264.844
9.60449	264.842
9.62088	264.839
9.63726	264.837
9.65364	264.835
9.67003	264.833
9.68641	264.83
9.7028	264.828
9.71918	264.826
9.73556	264.824
9.75195	264.822
9.76833	264.82
9.78472	264.817
9.8011	264.815
9.81748	264.813
9.83387	264.811
9.85025	264.809
9.86664	264.807
9.88302	264.805
9.8994	264.803
9.91579	264.8
9.93217	264.798
9.94856	264.796
9.96494	264.794
9.98132	264.792
9.99771	264.79
