1.06471	0
1.07679	288.385
1.07971	482.682
1.08578	540.676
1.11523	323.474
1.12111	364.25
1.15666	273.274
1.17767	261.005
1.1927	264.039
1.20163	278.072
1.2165	279.268
1.24321	261.963
1.24904	276.879
1.2639	277.896
1.2669	294.895
1.27288	307.007
1.29978	290.457
1.32083	283.53
1.32982	290.138
1.33577	299.606
1.35368	296.022
1.35957	304.675
1.36255	316.02
1.3805	311.776
1.39518	311.006
1.40716	312.726
1.44269	294.896
1.46058	292.499
1.47237	294.622
1.47531	302.975
1.48729	304.597
1.49325	310.402
1.49623	318.217
1.52921	305.006
1.5322	312.252
1.55011	309.646
1.59162	293.539
1.60371	294.962
1.62158	293.263
1.63054	296.239
1.66052	288.621
1.68699	283.31
1.70481	282.177
1.71079	286.234
1.72014	288.731
1.75025	282.378
1.76506	282.574
1.76825	287.413
1.77116	292.324
1.80155	286.155
1.81633	286.275
1.83105	286.413
1.83997	288.681
1.84289	293.133
1.86086	291.947
1.8639	296.226
1.87014	299.284
1.90294	292.749
1.92968	288.707
1.95679	284.788
1.96301	287.617
1.98061	286.809
2.049	271.316
2.07272	269.223
2.08758	269.534
2.0936	272.148
2.1087	272.35
2.11761	274.143
2.14143	272.096
2.14437	275.347
2.16783	273.413
2.2009	269.268
2.21568	269.562
2.22766	270.498
2.23057	273.521
2.25128	272.39
2.26613	272.619
2.27793	273.526
2.30189	271.724
2.30781	273.9
2.31386	276.027
2.34692	272.288
2.35276	274.403
2.3615	275.881
2.3645	278.562
2.3796	278.648
2.38867	279.999
2.41915	276.895
2.4369	276.462
2.44598	277.769
2.46671	276.746
2.49062	275.138
2.49359	277.585
2.52036	275.452
2.52919	276.738
2.58316	269.76
2.58623	272.051
2.58916	274.358
2.59512	276.109
2.62758	273.144
2.65754	270.722
2.66044	272.934
2.66334	275.137
2.67814	275.29
2.69596	274.932
2.70188	276.574
2.7077	278.22
2.74359	274.852
2.76135	274.521
2.78557	273.17
2.80054	273.303
2.80654	274.839
2.84182	271.819
2.8448	273.787
2.86573	273.005
2.87183	274.472
2.87772	275.961
2.8807	277.884
2.8868	279.322
2.89278	280.769
2.89567	282.682
2.90461	283.655
2.91067	285.062
2.91357	286.949
2.91652	288.821
2.93113	288.875
2.96439	286.096
2.96736	287.917
2.97918	288.395
3.01797	284.885
3.02094	286.658
3.02679	288.003
3.03883	288.434
3.05684	287.996
3.09562	284.628
3.09857	286.337
3.10465	287.6
3.12539	286.803
3.13143	288.053
3.17015	284.812
3.212	281.277
3.22388	281.73
3.22677	283.349
3.24463	283.01
3.25667	283.426
3.27721	282.748
3.2978	282.076
3.30674	282.877
3.31853	283.314
3.32149	284.854
3.33681	284.835
3.33977	286.361
3.34579	287.498
3.35458	288.28
3.38392	286.498
3.40486	285.781
3.41662	286.189
3.41984	287.63
3.4258	288.732
3.43167	289.84
3.47612	286.293
3.49997	285.264
3.50292	286.689
3.51196	287.395
3.52361	287.789
3.5327	288.479
3.5386	289.536
3.54766	290.219
3.5566	290.91
3.58942	288.842
3.60731	288.509
3.61619	289.197
3.61911	290.556
3.62791	291.244
3.65189	290.215
3.6821	288.518
3.69991	288.207
3.70573	289.207
3.70868	290.517
3.73221	289.575
3.76788	287.354
3.7708	288.639
3.7769	289.582
3.78914	289.866
3.79798	290.508
3.80997	290.813
3.813	292.063
3.81594	293.319
3.83425	292.941
3.84341	293.529
3.86452	292.859
3.87939	292.847
3.8853	293.764
3.90616	293.128
3.92091	293.127
3.92402	294.318
3.92994	295.217
3.93287	296.42
3.94756	296.408
3.95345	297.298
3.96225	297.886
3.96527	299.064
3.98906	298.109
4.02198	296.253
4.05186	294.738
4.07243	294.159
4.10212	292.707
4.1228	292.141
4.12575	293.269
4.13485	293.807
4.1468	294.069
4.16453	293.781
4.19456	292.344
4.21834	291.51
4.23014	291.788
4.23613	292.598
4.24218	293.4
4.24808	294.212
4.26891	293.648
4.27184	294.726
4.27474	295.805
4.27768	296.878
4.32267	294.106
4.33154	294.63
4.33464	295.671
4.34365	296.175
4.36156	295.877
4.40108	293.669
4.40703	294.438
4.43993	292.849
4.45819	292.547
4.48183	291.788
4.48798	292.525
4.50014	292.747
4.50886	293.259
4.51509	293.981
4.52111	294.719
4.55646	292.974
4.56246	293.705
4.56538	294.694
4.57128	295.429
4.58021	295.907
4.58325	296.879
4.5953	297.089
4.5983	298.058
4.61627	297.767
4.63096	297.752
4.63394	298.713
4.64886	298.674
4.65478	299.385
4.66955	299.356
4.67845	299.814
4.68435	300.518
4.69037	301.21
4.69338	302.15
4.70237	302.591
4.72325	302.045
4.73256	302.456
4.73576	303.368
4.79807	299.465
4.80101	300.385
4.81906	300.092
4.82788	300.536
4.83981	300.731
4.86039	300.239
4.87212	300.448
4.89603	299.701
4.93455	297.836
4.95226	297.59
4.9642	297.787
4.97016	298.438
4.97309	299.319
4.9791	299.962
4.9945	299.886
5.00055	300.523
5.00652	301.163
5.01858	301.337
5.02157	302.2
5.07512	299.244
5.11996	297.002
5.13492	296.972
5.17657	295.016
5.19138	295.004
5.22705	293.515
5.23299	294.133
5.26867	292.665
5.27755	293.073
5.31664	291.396
5.32865	291.588
5.33156	292.401
5.33743	293.01
5.34652	293.397
5.36723	292.989
5.39137	292.353
5.39437	293.148
5.40017	293.752
5.42393	293.142
5.43	293.723
5.43602	294.307
5.44504	294.687
5.47179	293.879
5.49268	293.468
5.5138	293.046
5.55579	291.27
5.56499	291.634
5.57426	291.992
5.58926	291.979
5.60987	291.606
5.61573	292.179
5.63967	291.595
5.65782	291.383
5.6666	291.766
5.66952	292.518
5.67542	293.081
5.68126	293.645
5.68723	294.2
5.69317	294.756
5.71411	294.358
5.71701	295.102
5.71994	295.844
5.72885	296.205
5.73176	296.945
5.74383	297.103
5.74674	297.84
5.78309	296.462
5.78893	297.01
5.79482	297.553
5.86701	293.982
5.90554	292.535
5.91769	292.693
5.93562	292.502
5.95622	292.154
5.96236	292.669
5.96532	293.374
5.96827	294.078
5.97413	294.606
5.97706	295.309
5.99803	294.93
6.01006	295.086
6.02491	295.074
6.03978	295.06
6.04285	295.745
6.05789	295.72
6.06081	296.411
6.07262	296.575
6.08159	296.905
6.11148	296.004
6.14442	294.935
6.1532	295.275
6.16502	295.438
6.17103	295.936
6.18919	295.73
6.1921	296.404
6.19513	297.071
6.21874	296.549
6.23073	296.696
6.23371	297.361
6.24566	297.509
6.24855	298.176
6.25155	298.836
6.25453	299.496
6.26353	299.809
6.2786	299.771
6.32007	298.228
6.33825	298.019
6.34426	298.498
6.35632	298.634
6.37758	298.252
6.38924	298.41
6.39799	298.731
6.40111	299.365
6.41629	299.323
6.43703	298.972
6.44018	299.6
6.45858	299.379
6.4974	298.036
6.5358	296.734
6.55966	296.232
6.57164	296.372
6.57455	296.999
6.61061	295.848
6.61361	296.466
6.61977	296.915
6.64394	296.403
6.67756	295.398
6.68049	296.013
6.68652	296.463
6.69533	296.766
6.70441	297.055
6.73985	295.961
6.74594	296.404
6.75486	296.699
6.75793	297.297
6.76978	297.437
6.77578	297.88
6.78159	298.333
6.79643	298.314
6.80812	298.459
6.81992	298.598
6.83198	298.723
6.83779	299.17
6.86192	298.67
6.87096	298.949
6.87976	299.239
6.88266	299.832
6.957	296.784
6.95992	297.37
6.96586	297.802
6.96889	298.381
6.9778	298.662
6.99819	298.364
7.00118	298.941
7.00417	299.517
7.00736	300.083
7.01033	300.66
7.01324	301.239
7.03089	301.072
7.03976	301.347
7.05181	301.462
7.05785	301.879
7.08151	301.41
7.09931	301.237
7.11466	301.187
7.12075	301.597
7.1237	302.163
7.1359	302.268
7.14179	302.685
7.21343	299.862
7.21639	300.42
7.23449	300.239
7.2526	300.059
7.27636	299.607
7.2941	299.447
7.30019	299.847
7.30902	300.115
7.32408	300.083
7.32715	300.625
7.3331	301.029
7.33898	301.435
7.34817	301.682
7.3511	302.228
7.35709	302.627
7.36299	303.029
7.37192	303.285
7.38076	303.544
7.39274	303.652
7.41077	303.47
7.43745	302.878
7.44908	303.003
7.46105	303.111
7.46997	303.363
7.48207	303.464
7.50581	303.017
7.50873	303.55
7.52632	303.392
7.53216	303.786
7.54414	303.891
7.56786	303.447
7.57082	303.972
7.57678	304.358
7.58263	304.747
7.5856	305.27
7.58872	305.786
7.62148	304.918
7.62471	305.426
7.63377	305.662
7.65757	305.214
7.6729	305.16
7.68472	305.268
7.69959	305.235
7.70862	305.47
7.72637	305.304
7.74445	305.125
7.7533	305.367
7.75919	305.743
7.76798	305.987
7.77091	306.497
7.8093	305.394
7.81221	305.902
7.82687	305.878
7.83574	306.115
7.85349	305.951
7.88364	305.232
7.89864	305.194
7.90744	305.433
7.91967	305.518
7.92263	306.016
7.93773	305.972
7.94069	306.468
7.95545	306.439
7.96146	306.798
7.96444	307.292
7.96742	307.785
7.99406	307.225
7.9971	307.713
8.01219	307.667
8.01533	308.149
8.02417	308.378
8.02999	308.741
8.03902	308.96
8.04194	309.45
8.05685	309.408
8.06566	309.635
8.07756	309.726
8.09244	309.685
8.1015	309.9
8.15224	308.292
8.15513	308.775
8.20302	307.309
8.20881	307.665
8.2238	307.624
8.23581	307.711
8.25076	307.672
8.2657	307.634
8.27164	307.98
8.28989	307.8
8.29289	308.269
8.30498	308.351
8.30795	308.821
8.3438	307.894
8.3825	306.856
8.3974	306.822
8.40337	307.161
8.42431	306.874
8.43015	307.217
8.44193	307.312
8.45402	307.394
8.466	307.48
8.47192	307.817
8.48997	307.651
8.49582	307.99
8.52272	307.458
8.58183	305.616
8.60881	305.096
8.62077	305.185
8.63594	305.144
8.639	305.591
8.65379	305.565
8.65673	306.015
8.66265	306.345
8.68927	305.842
8.71285	305.464
8.74562	304.724
8.76351	304.577
8.79935	303.724
8.81101	303.825
8.82299	303.913
8.82601	304.351
8.86775	303.277
8.87068	303.716
8.90976	302.754
8.92741	302.624
8.9451	302.493
8.96019	302.462
8.96319	302.894
8.98723	302.52
8.99027	302.949
8.99937	303.146
9.01111	303.242
9.02584	303.223
9.03194	303.533
9.04094	303.732
9.04997	303.93
9.06807	303.782
9.07707	303.98
9.08296	304.296
9.095	304.377
9.10099	304.688
9.12503	304.315
9.17587	302.941
9.19369	302.808
9.1996	303.119
9.21441	303.098
9.22031	303.409
9.24085	303.175
9.25853	303.048
9.27055	303.131
9.27354	303.546
9.28533	303.636
9.30915	303.283
9.31812	303.477
9.3211	303.891
9.32403	304.306
9.32718	304.712
9.34786	304.473
9.35673	304.668
9.37769	304.42
9.41055	303.739
9.42549	303.713
9.46479	302.807
9.46769	303.216
9.47072	303.621
9.47663	303.921
9.55458	301.64
9.55749	302.045
9.56336	302.345
9.60194	301.485
9.60489	301.886
9.60782	302.288
9.62248	302.275
9.62539	302.677
9.63715	302.766
9.67582	301.908
9.68485	302.093
9.69069	302.389
9.69665	302.681
9.70257	302.973
9.71177	303.151
9.73897	302.698
9.74794	302.883
9.75998	302.96
9.77506	302.932
9.78092	303.224
9.79297	303.3
9.80472	303.386
9.8315	302.953
9.84938	302.828
9.86129	302.909
9.86736	303.191
9.89691	302.666
9.91793	302.435
9.92963	302.523
9.95377	302.188
9.97147	302.072
9.98938	301.95
10.0105	301.72
10.0134	302.105
10.0486	301.402
10.0546	301.682
10.1409	299.29
10.1468	299.571
10.1528	299.849
10.1975	298.854
10.2097	298.928
10.2424	298.334
10.2454	298.707
10.2543	298.887
10.2844	298.38
10.2873	298.755
10.2962	298.935
10.3084	299.008
10.3175	299.18
10.3538	298.476
10.3748	298.267
10.3808	298.539
10.3928	298.618
10.4109	298.502
10.4257	298.491
10.4374	298.58
10.4403	298.948
10.4906	297.811
10.5144	297.518
10.5292	297.51
10.5322	297.872
10.618	295.649
10.6239	295.919
10.627	296.274
10.633	296.54
10.6419	296.715
10.6477	296.987
10.6536	297.254
10.6683	297.249
10.6863	297.142
10.6893	297.498
10.6923	297.854
10.7042	297.934
10.7368	297.377
10.7514	297.375
10.7633	297.455
10.7872	297.169
10.8379	296.069
10.844	296.326
10.8469	296.68
10.856	296.845
10.862	297.104
10.877	297.091
10.904	296.714
10.907	297.063
10.9249	296.962
10.9486	296.687
10.99	295.885
11.011	295.694
11.0319	295.508
11.0408	295.677
11.059	295.571
11.0767	295.48
11.0974	295.301
11.1489	294.222
11.1549	294.475
11.2143	293.177
11.2409	292.836
11.2647	292.576
11.2735	292.747
11.2824	292.915
11.2883	293.168
11.2941	293.424
11.3089	293.422
11.3149	293.671
11.3237	293.841
11.3356	293.921
11.3534	293.832
11.3713	293.741
11.4163	292.882
11.4194	293.211
11.4252	293.464
11.4312	293.711
11.4671	293.112
11.5442	291.369
11.5561	291.45
11.559	291.781
11.577	291.692
11.583	291.937
11.622	291.267
11.6308	291.434
11.6515	291.272
11.6808	290.875
11.687	291.112
11.6989	291.192
11.7141	291.182
11.7291	291.178
11.744	291.176
11.747	291.499
11.7646	291.423
11.8118	290.545
11.8328	290.38
11.8387	290.622
11.8567	290.537
11.8807	290.292
11.8836	290.614
11.9108	290.283
11.923	290.355
11.932	290.512
11.95	290.428
11.9531	290.742
11.9562	291.056
11.9622	291.292
11.9651	291.611
11.9743	291.761
11.9773	292.077
11.9803	292.392
11.9835	292.702
12.0019	292.605
12.0107	292.764
12.0137	293.078
12.0258	293.149
12.0317	293.385
12.0376	293.621
12.0406	293.934
12.0586	293.846
12.0646	294.078
12.0735	294.233
12.0794	294.467
12.0974	294.378
12.1034	294.61
12.1064	294.921
12.1391	294.44
12.1452	294.668
12.1543	294.816
12.1572	295.128
12.1694	295.193
12.1723	295.505
12.1846	295.566
12.1905	295.798
12.1996	295.944
12.2089	296.084
12.2179	296.233
12.2211	296.535
