1.06001	0
1.063	733.447
1.09305	240.401
1.10215	287.744
1.11408	303.318
1.1229	328.317
1.16786	234.041
1.20057	210.79
1.22127	210.526
1.23297	221.085
1.26289	209.933
1.26588	227.619
1.27178	241.487
1.30165	229.656
1.31362	235.78
1.33457	233.547
1.34047	243.93
1.34346	256.469
1.37028	248.3
1.41837	227.205
1.43356	229.513
1.43649	239.127
1.44535	244.797
1.46309	244.741
1.46604	253.54
1.46895	262.238
1.4838	263.236
1.50499	260.427
1.50794	268.305
1.51378	274.334
1.51677	281.948
1.51966	289.525
1.52867	293.155
1.54063	294.838
1.56178	291.042
1.58841	284.585
1.60029	286.314
1.60619	291.105
1.62691	288.101
1.66845	275.591
1.67151	281.25
1.68625	281.527
1.70111	281.739
1.7253	278.005
1.72821	283.236
1.74285	283.489
1.7487	287.338
1.76384	287.295
1.78763	283.853
1.7964	286.329
1.80536	288.674
1.82607	286.517
1.82897	291.037
1.832	295.474
1.85278	293.187
1.86506	294.078
1.87404	296.133
1.88295	298.169
1.88887	301.241
1.89179	305.363
1.91601	301.781
1.93404	300.503
1.93703	304.391
1.96971	298.225
1.99081	296.112
1.99683	298.812
2.00577	300.55
2.00875	304.149
2.01172	307.728
2.02682	307.391
2.02973	310.913
2.03269	314.398
2.03565	317.861
2.05042	317.484
2.05955	318.902
2.09532	312.076
2.09824	315.35
2.10126	318.575
2.11908	317.297
2.18414	302.814
2.19307	304.236
2.19905	306.426
2.22343	303.725
2.2325	305.056
2.24444	305.627
2.25062	307.664
2.2536	310.508
2.25948	312.583
2.26242	315.404
2.28913	312.073
2.30976	310.382
2.3308	308.647
2.33371	311.327
2.35495	309.561
2.37547	308.019
2.39961	305.698
2.43222	301.59
2.44115	302.766
2.45324	303.238
2.46207	304.407
2.47102	305.536
2.47741	307.203
2.48626	308.323
2.50126	308.112
2.51005	309.221
2.51303	311.556
2.54281	308.218
2.54882	309.873
2.55753	310.953
2.58154	308.889
2.58444	311.131
2.59341	312.127
2.62035	309.511
2.62916	310.524
2.63517	312.079
2.64159	313.541
2.6445	315.688
2.64762	317.785
2.68032	314.044
2.6833	316.125
2.68629	318.197
2.69806	318.547
2.70098	320.609
2.72775	318.058
2.74866	316.68
2.77529	314.286
2.77819	316.267
2.80784	313.378
2.81105	315.267
2.82333	315.521
2.85032	313.181
2.85323	315.079
2.90052	309.34
2.92716	307.243
2.93014	309.061
2.9455	308.835
2.96063	308.649
2.96666	309.937
2.99635	307.419
3.00821	307.765
3.01406	309.052
3.02355	309.758
3.03286	310.485
3.03872	311.747
3.04757	312.531
3.07428	310.534
3.08011	311.775
3.08305	313.454
3.10068	312.864
3.12728	310.931
3.15463	308.936
3.16655	309.238
3.17856	309.524
3.18452	310.688
3.1875	312.281
3.19926	312.583
3.20223	314.164
3.2081	315.315
3.21109	316.883
3.23198	315.826
3.26197	313.489
3.28021	312.86
3.32196	309.001
3.32485	310.512
3.36067	307.559
3.36974	308.221
3.39019	307.371
3.39909	308.047
3.40511	309.097
3.41395	309.771
3.42285	310.431
3.42589	311.857
3.43183	312.896
3.43772	313.936
3.47097	311.402
3.48931	310.83
3.5396	306.273
3.54255	307.648
3.55498	307.846
3.5642	308.437
3.57626	308.676
3.58501	309.316
3.58802	310.655
3.59097	311.998
3.59678	312.986
3.59983	314.309
3.61161	314.551
3.62349	314.778
3.64439	313.905
3.64749	315.197
3.66258	315.03
3.67141	315.618
3.68315	315.852
3.68606	317.146
3.73076	313.459
3.74244	313.704
3.7454	314.966
3.75716	315.194
3.76305	316.105
3.78409	315.25
3.84399	310.024
3.84696	311.243
3.85281	312.136
3.86469	312.354
3.89493	310.548
3.90983	310.441
3.9306	309.7
3.93358	310.881
3.98137	307.278
3.98432	308.444
3.99323	308.979
3.99623	310.134
4.01693	309.424
4.07052	305.355
4.0765	306.181
4.08238	307.014
4.0913	307.535
4.10306	307.766
4.10886	308.597
4.12967	307.913
4.15068	307.218
4.15393	308.29
4.16304	308.777
4.16898	309.576
4.17188	310.675
4.20196	309.077
4.22595	308.1
4.23474	308.607
4.27344	306.237
4.3302	302.247
4.3333	303.279
4.3484	303.2
4.35434	303.964
4.36032	304.722
4.36333	305.751
4.36623	306.789
4.37786	307.015
4.39592	306.648
4.40196	307.386
4.411	307.846
4.42015	308.292
4.43796	307.946
4.47343	306.013
4.47665	306.989
4.50329	305.869
4.5062	306.864
4.51812	307.055
4.52695	307.519
4.53871	307.721
4.57167	306.064
4.58395	306.223
4.59299	306.662
4.60803	306.58
4.63156	305.77
4.64916	305.475
4.65215	306.422
4.67909	305.336
4.70864	304.048
4.7175	304.492
4.72043	305.428
4.7264	306.108
4.73232	306.791
4.73528	307.718
4.75335	307.383
4.75934	308.052
4.76237	308.966
4.78621	308.149
4.78919	309.061
4.79833	309.461
4.80734	309.869
4.81032	310.774
4.81926	311.184
4.85471	309.416
4.86989	309.318
4.87884	309.724
4.8969	309.392
4.90588	309.792
4.96048	306.566
4.96923	306.984
4.97227	307.849
4.98423	308.012
5.00207	307.714
5.01429	307.856
5.02622	308.019
5.04999	307.267
5.06172	307.446
5.06466	308.298
5.07959	308.228
5.1065	307.246
5.11252	307.855
5.11582	308.67
5.1634	306.145
5.16642	306.971
5.1726	307.56
5.18152	307.942
5.18748	308.544
5.19054	309.361
5.20836	309.073
5.21432	309.669
5.21728	310.487
5.22026	311.303
5.23797	311.017
5.25577	310.728
5.2767	310.21
5.27968	311.014
5.28261	311.821
5.28853	312.406
5.33584	309.961
5.35063	309.9
5.36543	309.838
5.36838	310.628
5.37728	310.988
5.38316	311.564
5.39189	311.933
5.40953	311.661
5.42161	311.788
5.42771	312.342
5.43683	312.678
5.47242	311.136
5.47825	311.702
5.48115	312.475
5.48413	313.24
5.49913	313.155
5.50211	313.917
5.51123	314.244
5.52301	314.382
5.53488	314.514
5.5496	314.445
5.56456	314.36
5.56764	315.103
5.57964	315.222
5.58855	315.555
5.59744	315.889
5.60934	316.012
5.62443	315.914
5.63323	316.25
5.63912	316.787
5.64513	317.313
5.64806	318.052
5.65392	318.586
5.67494	318.071
5.67787	318.805
5.68384	319.327
5.68975	319.852
5.71988	318.712
5.72288	319.433
5.72882	319.951
5.74061	320.068
5.7467	320.574
5.76727	320.091
5.78817	319.59
5.81185	318.907
5.85445	316.976
5.85734	317.685
5.86617	318
5.87836	318.092
5.88741	318.39
5.89634	318.695
5.89927	319.395
5.90237	320.082
5.91438	320.18
5.91746	320.866
5.93826	320.384
5.94419	320.879
5.98582	319.045
6.00666	318.574
6.02171	318.479
6.02462	319.162
6.03062	319.645
6.05473	318.968
6.09052	317.558
6.12955	315.966
6.1356	316.441
6.14785	316.528
6.151	317.18
6.15992	317.472
6.22553	314.278
6.24057	314.199
6.25242	314.314
6.2731	313.896
6.27611	314.543
6.29099	314.474
6.30002	314.756
6.34201	313.073
6.3479	313.541
6.37469	312.774
6.37772	313.408
6.38075	314.041
6.38382	314.671
6.39276	314.953
6.40466	315.06
6.43141	314.296
6.43453	314.917
6.44048	315.371
6.45849	315.119
6.46461	315.562
6.47663	315.659
6.52147	313.859
6.52773	314.29
6.54268	314.221
6.5485	314.674
6.55435	315.125
6.56611	315.237
6.57508	315.507
6.58705	315.606
6.61708	314.678
6.62878	314.793
6.66825	313.348
6.67989	313.468
6.68299	314.063
6.68916	314.486
6.69208	315.09
6.69501	315.692
6.72487	314.791
6.7278	315.39
6.7307	315.99
6.76666	314.757
6.78172	314.683
6.79967	314.452
6.81447	314.394
6.83222	314.176
6.84711	314.114
6.87957	313.105
6.88254	313.687
6.88548	314.27
6.90612	313.899
6.90904	314.481
6.92976	314.107
6.98329	311.999
6.99536	312.092
7.00157	312.493
7.01342	312.596
7.01631	313.17
7.02223	313.583
7.0314	313.825
7.03728	314.239
7.06131	313.7
7.06716	314.114
7.07616	314.362
7.10039	313.816
7.13609	312.684
7.18951	310.665
7.19262	311.211
7.24618	309.216
7.24917	309.764
7.26406	309.717
7.27635	309.8
7.28518	310.054
7.28811	310.602
7.31796	309.811
7.33906	309.458
7.35073	309.571
7.35664	309.966
7.36249	310.364
7.36848	310.753
7.41003	309.401
7.41903	309.642
7.4279	309.889
7.44288	309.839
7.45173	310.086
7.46671	310.035
7.46962	310.568
7.47253	311.1
7.48422	311.207
7.48713	311.738
7.49599	311.98
7.49906	312.502
7.52272	312.026
7.52564	312.553
7.5286	313.078
7.53163	313.599
7.53757	313.978
7.54957	314.063
7.55548	314.442
7.57988	313.928
7.59473	313.876
7.6154	313.545
7.63069	313.473
7.63658	313.849
7.6548	313.637
7.66361	313.873
7.67536	313.968
7.69295	313.787
7.69595	314.296
7.71069	314.249
7.72239	314.345
7.74084	314.124
7.7498	314.349
7.75292	314.848
7.77657	314.382
7.77955	314.886
7.78852	315.108
7.79163	315.604
7.80683	315.533
7.81573	315.757
7.81865	316.259
7.83976	315.912
7.84864	316.135
7.86677	315.928
7.87268	316.288
7.87564	316.784
7.88165	317.138
7.89049	317.36
7.92313	316.48
7.94087	316.292
7.94693	316.641
7.94985	317.134
7.96193	317.205
7.96803	317.55
7.98615	317.343
7.99797	317.425
8.01297	317.361
8.02473	317.446
8.04843	316.987
8.06052	317.057
8.07244	317.134
8.08717	317.084
8.13222	315.676
8.18537	313.928
8.19157	314.261
8.20043	314.476
8.21514	314.433
8.25414	313.329
8.29281	312.252
8.29579	312.72
8.30183	313.056
8.34343	311.861
8.36149	311.681
8.36448	312.145
8.38228	311.976
8.39123	312.185
8.39723	312.518
8.40894	312.608
8.41833	312.796
8.42138	313.253
8.44507	312.833
8.45738	312.897
8.46625	313.105
8.51094	311.807
8.51694	312.136
8.52876	312.22
8.53773	312.423
8.56139	312.014
8.6062	310.734
8.61827	310.809
8.63333	310.762
8.64519	310.845
8.64821	311.291
8.67276	310.855
8.72943	309.122
8.74182	309.185
8.75061	309.394
8.76545	309.358
8.77137	309.681
8.77724	310.005
8.79187	309.977
8.79784	310.296
8.82736	309.673
8.93213	306.102
8.94392	306.192
8.95907	306.152
8.96196	306.586
8.99803	305.738
9.00697	305.937
9.04582	304.99
9.0517	305.306
9.09057	304.367
9.0935	304.794
9.09643	305.22
9.12292	304.753
9.1261	305.168
9.13809	305.25
9.14692	305.451
9.16207	305.413
9.16504	305.834
9.16798	306.256
9.18031	306.323
9.21597	305.513
9.21891	305.933
9.24292	305.563
9.26367	305.317
9.26967	305.62
9.27849	305.817
9.2962	305.684
9.30211	305.989
9.32272	305.749
9.32868	306.051
9.33767	306.24
9.34061	306.653
9.34648	306.957
9.3675	306.7
9.38235	306.672
9.45659	304.476
9.46856	304.556
9.47458	304.852
9.48348	305.042
9.52457	304.072
9.54526	303.84
9.55992	303.824
9.56588	304.119
9.60188	303.343
9.62305	303.098
9.62886	303.397
9.63179	303.797
9.65551	303.461
9.68227	303.02
9.71822	302.261
9.72411	302.555
9.73004	302.846
9.73926	303.022
9.74521	303.311
9.78427	302.449
9.78747	302.833
9.80831	302.605
9.8114	302.992
9.82043	303.173
9.83573	303.136
9.8658	302.592
9.88081	302.567
9.88374	302.956
9.89256	303.142
9.89554	303.529
9.90142	303.816
9.91335	303.894
9.92251	304.067
9.92843	304.352
9.9432	304.332
9.95493	304.416
9.99674	303.476
10.0056	303.658
10.0297	303.324
10.0594	302.803
10.0743	302.782
10.0921	302.663
10.1129	302.445
10.1218	302.625
10.1452	302.321
10.1815	301.592
10.1932	301.678
10.2112	301.557
10.2412	301.042
10.259	300.929
10.262	301.301
10.2682	301.567
10.286	301.453
10.292	301.725
10.3068	301.71
10.3157	301.886
10.328	301.952
10.367	301.151
10.3907	300.849
10.4114	300.645
10.4382	300.247
10.4499	300.332
10.4766	299.94
10.5152	299.172
10.5419	298.786
10.5448	299.15
10.5567	299.23
10.5716	299.215
10.5746	299.575
10.5777	299.931
10.5836	300.199
10.5866	300.558
10.5896	300.916
10.6102	300.719
10.6338	300.429
10.6397	300.695
10.6517	300.769
10.6636	300.847
10.7321	299.163
10.738	299.427
10.741	299.78
10.7439	300.137
10.7497	300.403
10.7526	300.758
10.7856	300.182
