1.11998	0
1.16673	87.0091
1.24865	65.6685
1.33057	60.7054
1.41249	58.495
1.49441	57.2443
1.57633	56.4398
1.65825	55.8789
1.74017	55.4655
1.82209	55.1482
1.90401	54.8969
1.98593	54.693
2.06785	54.5242
2.14977	54.3822
2.23169	54.2611
2.31361	54.1566
2.39553	54.0655
2.47745	53.9853
2.55937	53.9143
2.64129	53.8508
2.72321	53.7939
2.80513	53.7425
2.88705	53.6958
2.96897	53.6533
3.05089	53.6144
3.13281	53.5786
3.21473	53.5456
3.29665	53.5151
3.37857	53.4869
3.46049	53.4606
3.54241	53.436
3.62433	53.4131
3.70625	53.3916
3.78817	53.3715
3.87009	53.3525
3.95201	53.3347
4.03393	53.3178
4.11585	53.3019
4.19777	53.2868
4.27969	53.2725
4.36161	53.2589
4.44353	53.246
4.52545	53.2337
4.60737	53.2219
4.68929	53.2108
4.77121	53.2001
4.85313	53.1899
4.93505	53.1801
5.01697	53.1707
5.09889	53.1618
5.18081	53.1531
5.26273	53.1449
5.34465	53.1369
5.42657	53.1293
5.50849	53.1219
5.59041	53.1148
5.67233	53.108
5.75425	53.1014
5.83617	53.095
5.91809	53.0888
6.00001	53.0829
6.08193	53.0771
6.16385	53.0716
6.24577	53.0662
6.32769	53.061
6.40961	53.0559
6.49153	53.051
6.57345	53.0463
6.65537	53.0416
6.73729	53.0372
6.81921	53.0328
6.90113	53.0286
6.98305	53.0245
7.06497	53.0205
7.14689	53.0166
7.22881	53.0128
7.31073	53.0091
7.39265	53.0055
7.47457	53.002
7.55649	52.9986
7.63841	52.9953
7.72033	52.9921
7.80225	52.9889
7.88417	52.9858
7.96609	52.9828
8.04801	52.9799
8.12993	52.977
8.21185	52.9742
8.29377	52.9715
8.37569	52.9688
8.45761	52.9662
8.53953	52.9636
8.62145	52.9611
8.70337	52.9587
8.78529	52.9563
8.86721	52.954
8.94913	52.9517
9.03105	52.9494
9.11297	52.9472
9.19489	52.945
9.27681	52.9429
9.35873	52.9409
9.44065	52.9388
9.52257	52.9368
9.60449	52.9349
9.68641	52.933
9.76833	52.9311
9.85025	52.9292
9.93217	52.9274
