1.08152	0
1.08447	738.462
1.09631	488.412
1.10521	487.401
1.13477	307.747
1.1466	317.741
1.17046	282.23
1.17634	309.456
1.19098	307.583
1.19394	337.149
1.23297	279.883
1.24491	285.766
1.25087	300.958
1.26265	305.168
1.26563	323.405
1.28029	321.317
1.30095	310.889
1.31297	313.377
1.33351	305.073
1.34844	304.203
1.36322	303.584
1.36907	312.343
1.37196	323.993
1.40193	307.321
1.41072	312.195
1.41655	319.593
1.43433	315.763
1.45244	312.022
1.45542	321.019
1.47018	319.951
1.49426	311.808
1.51554	306.509
1.5423	298.137
1.54537	305.431
1.5634	302.983
1.56648	309.925
1.57263	314.811
1.5756	321.623
1.60223	313.516
1.6201	311.147
1.62906	313.931
1.64704	311.601
1.66184	311.1
1.66798	315.189
1.69481	308.476
1.70382	310.94
1.70671	316.388
1.72137	315.893
1.72732	319.655
1.74494	317.685
1.76616	314.164
1.7693	318.99
1.79047	315.572
1.79638	318.992
1.80236	322.326
1.82014	320.423
1.82898	322.405
1.83478	325.645
1.83781	330.036
1.8439	333.055
1.86193	330.903
1.87089	332.614
1.90069	325.812
1.90361	329.895
1.92737	325.75
1.94896	322.633
1.95782	324.295
1.96072	328.126
1.96365	331.921
1.98191	329.994
1.99995	328.221
2.0146	327.699
2.01752	331.281
2.05027	324.561
2.05917	326.021
2.07696	324.539
2.10046	321.303
2.1125	321.739
2.11551	324.972
2.11843	328.214
2.12751	329.491
2.15116	326.254
2.16004	327.569
2.17175	328.012
2.18348	328.44
2.19249	329.661
2.20728	329.169
2.22819	326.94
2.23406	329.018
2.2613	325.092
2.27927	323.825
2.30309	321.053
2.30888	323.054
2.34425	317.439
2.35318	318.604
2.365	319.035
2.37693	319.431
2.40127	316.819
2.44833	309.087
2.4661	308.242
2.4871	306.714
2.49885	307.218
2.50181	309.614
2.51671	309.41
2.54112	307.2
2.54401	309.542
2.54999	311.22
2.56514	310.954
2.57408	311.984
2.57701	314.257
2.59528	313.32
2.61625	311.857
2.65513	306.906
2.66124	308.451
2.66432	310.576
2.66729	312.714
2.6732	314.265
2.7067	310.452
2.70974	312.521
2.72468	312.309
2.74859	310.425
2.75149	312.469
2.76638	312.272
2.80227	308.276
2.86588	299.721
2.87176	301.148
2.87791	302.519
2.88997	302.89
2.89576	304.302
2.92603	301.655
2.94683	300.609
2.95854	301.034
2.98245	299.523
2.99723	299.467
3.00644	300.277
3.04225	297.001
3.06911	295.164
3.13203	288.223
3.17406	284.503
3.18587	284.959
3.1888	286.611
3.20062	287.05
3.20368	288.669
3.25418	283.954
3.27493	283.239
3.28078	284.448
3.37041	275.208
3.38845	274.929
3.39435	276.094
3.4034	276.878
3.40919	278.044
3.4276	277.704
3.43958	278.124
3.44254	279.603
3.45159	280.358
3.45748	281.479
3.46636	282.242
3.47534	282.987
3.50802	280.958
3.5139	282.054
3.52009	283.108
3.52594	284.197
3.54657	283.571
3.55836	283.965
3.57334	283.992
3.58505	284.389
3.59088	285.448
3.59989	286.142
3.60287	287.515
3.61809	287.493
3.63612	287.155
3.66893	285.186
3.67192	286.523
3.6807	287.216
3.68665	288.218
3.71366	286.903
3.74663	284.976
3.75853	285.323
3.80032	282.529
3.80945	283.167
3.8511	280.471
3.86002	281.125
3.86606	282.065
3.87791	282.414
3.88971	282.766
3.89871	283.395
3.91996	282.796
3.94997	281.345
3.95583	282.273
3.96775	282.604
3.97362	283.523
3.97659	284.723
3.97953	285.924
3.99193	286.19
4.01886	285.038
4.06378	282.196
4.06969	283.083
4.07262	284.248
4.08158	284.839
4.08463	285.987
4.08755	287.145
4.09339	288.022
4.09632	289.174
4.10542	289.732
4.11141	290.584
4.12024	291.161
4.12625	292.004
4.13233	292.837
4.16228	291.394
4.16519	292.519
4.17996	292.519
4.18907	293.051
4.19528	293.853
4.21332	293.54
4.28785	288.069
4.3178	286.739
4.32676	287.278
4.32978	288.34
4.33872	288.875
4.34764	289.408
4.35646	289.947
4.35939	291.005
4.3623	292.063
4.36525	293.115
4.3713	293.888
4.39215	293.343
4.39815	294.114
4.4164	293.8
4.41934	294.835
4.42836	295.33
4.4374	295.822
4.4612	295.017
4.46715	295.774
4.49724	294.435
4.51236	294.396
4.52731	294.373
4.53918	294.611
4.54814	295.096
4.55404	295.838
4.55706	296.823
4.55998	297.815
4.5808	297.278
4.60801	296.21
4.6109	297.19
4.61698	297.901
4.62948	298.069
4.65703	296.981
4.66013	297.93
4.68962	296.693
4.70187	296.883
4.70484	297.831
4.71079	298.532
4.72284	298.731
4.72576	299.676
4.74976	298.894
4.80618	295.528
4.81202	296.223
4.86819	292.973
4.89503	292.044
4.91624	291.556
4.9251	292.007
4.92802	292.908
4.95469	292.007
4.95765	292.898
4.96061	293.787
4.97246	294.003
4.99914	293.104
5.01097	293.321
5.01998	293.746
5.04697	292.837
5.04986	293.712
5.0649	293.687
5.07387	294.109
5.09489	293.646
5.10673	293.855
5.11578	294.266
5.1246	294.693
5.13062	295.321
5.14259	295.514
5.15165	295.917
5.15755	296.548
5.16345	297.178
5.18422	296.726
5.20487	296.288
5.29223	291.171
5.30112	291.581
5.31342	291.754
5.31948	292.356
5.34324	291.74
5.34627	292.545
5.35516	292.947
5.36106	293.552
5.36691	294.159
5.37599	294.543
5.37894	295.345
5.39071	295.541
5.44725	292.705
5.45019	293.496
5.46525	293.474
5.47414	293.863
5.48007	294.448
5.48305	295.23
5.50424	294.793
5.51903	294.784
5.5369	294.571
5.54274	295.153
5.55439	295.35
5.57491	294.963
5.61665	293.202
5.62268	293.764
5.65208	292.82
5.67021	292.605
5.67313	293.359
5.73072	290.656
5.76368	289.533
5.77546	289.727
5.78759	289.898
5.83557	287.882
5.85962	287.337
5.87465	287.338
5.90447	286.457
5.91055	286.991
5.93178	286.626
5.94103	286.969
5.96777	286.283
5.9736	286.824
5.98242	287.19
5.99418	287.381
6.00615	287.56
6.01794	287.748
6.02686	288.102
6.03284	288.627
6.0418	288.976
6.05364	289.157
6.06295	289.483
6.06588	290.179
6.11687	288.1
6.11978	288.791
6.13182	288.957
6.14671	288.961
6.17329	288.301
6.18503	288.484
6.19973	288.5
6.20856	288.845
6.21444	289.356
6.21746	290.027
6.22035	290.704
6.22926	291.04
6.2382	291.373
6.24111	292.045
6.24999	292.379
6.27464	291.823
6.28371	292.145
6.29562	292.306
6.30431	292.647
6.31334	292.967
6.39638	289.204
6.41134	289.203
6.41738	289.685
6.4379	289.382
6.44096	290.023
6.44392	290.668
6.45588	290.825
6.46782	290.982
6.50064	290.017
6.50647	290.502
6.5212	290.509
6.52716	290.984
6.54497	290.827
6.57202	290.181
6.58084	290.501
6.58698	290.961
6.60474	290.808
6.61078	291.271
6.64616	290.196
6.66106	290.196
6.66406	290.813
6.66721	291.422
6.69692	290.65
6.70294	291.107
6.71216	291.398
6.76257	289.573
6.76566	290.176
6.76866	290.782
6.78375	290.77
6.78965	291.226
6.79262	291.831
6.81055	291.671
6.81365	292.267
6.81658	292.871
6.82538	293.174
6.8432	293.017
6.88492	291.656
6.89976	291.654
6.90274	292.247
6.90571	292.839
6.90879	293.425
6.91193	294.008
6.92128	294.277
6.93915	294.117
6.94211	294.705
6.96911	294.088
6.9901	293.774
6.99909	294.058
7.00783	294.353
7.02572	294.194
7.03481	294.47
7.03776	295.049
7.10615	292.418
7.12107	292.411
7.14801	291.825
7.15976	291.972
7.17162	292.112
7.18362	292.246
7.19852	292.24
7.22254	291.801
7.23741	291.798
7.25498	291.667
7.26385	291.947
7.27559	292.091
7.28462	292.362
7.28755	292.92
7.29938	293.057
7.30533	293.471
7.31419	293.747
7.31737	294.29
7.33529	294.137
7.37072	293.168
7.39153	292.886
7.39759	293.288
7.40658	293.554
7.41577	293.81
7.4187	294.356
7.42161	294.902
7.42745	295.311
7.43057	295.846
7.44564	295.824
7.45145	296.233
7.47814	295.672
7.48711	295.932
7.49902	296.056
7.51411	296.033
7.52596	296.159
7.54725	295.852
7.55021	296.385
7.55616	296.779
7.61613	294.718
7.61905	295.247
7.64272	294.84
7.64879	295.225
7.67251	294.818
7.70627	293.968
7.74248	293.019
7.78676	291.729
7.79574	291.982
7.81656	291.721
7.82888	291.829
7.86232	291.027
7.91565	289.389
7.92751	289.518
7.96329	288.641
7.96941	289.012
7.99045	288.757
8.01984	288.157
8.02869	288.411
8.03188	288.9
8.07061	287.918
8.09449	287.554
8.09743	288.049
8.13935	286.95
8.14227	287.443
8.15115	287.693
8.19571	286.499
8.1987	286.986
8.2075	287.237
8.21051	287.722
8.21346	288.208
8.21956	288.567
8.22837	288.816
8.23446	289.174
8.24344	289.414
8.25222	289.662
8.25817	290.024
8.26426	290.379
8.28537	290.128
8.29129	290.489
8.30338	290.601
8.31234	290.838
8.32695	290.848
8.33891	290.964
8.36593	290.478
8.37185	290.834
8.38968	290.716
8.41337	290.366
8.42555	290.472
8.4405	290.469
8.48212	289.42
8.49159	289.633
8.50061	289.863
8.50939	290.102
8.53036	289.865
8.53618	290.218
8.55389	290.109
8.56877	290.109
8.6016	289.417
8.61416	289.508
8.62018	289.85
8.62618	290.192
8.64702	289.964
8.65009	290.417
8.65302	290.875
8.69236	289.939
8.71954	289.473
8.73432	289.478
8.77284	288.591
8.78192	288.811
8.79079	289.039
8.80586	289.035
8.82994	288.694
8.8418	288.809
8.87475	288.143
8.87766	288.589
8.89563	288.479
8.91328	288.38
8.94871	287.631
8.96369	287.632
8.97558	287.746
8.9969	287.517
9.03257	286.771
9.03552	287.207
9.03859	287.639
9.05072	287.744
9.07144	287.538
9.07437	287.973
9.07732	288.407
9.11347	287.647
9.12539	287.758
9.12833	288.189
9.13719	288.408
9.14012	288.84
9.15793	288.738
9.17265	288.746
9.19391	288.522
9.19683	288.95
9.21473	288.846
9.23261	288.742
9.25335	288.538
9.26542	288.64
9.27446	288.849
9.319	287.812
9.32483	288.132
9.33071	288.451
9.35764	288.034
9.3695	288.143
9.37283	288.548
9.39091	288.44
9.39384	288.858
9.41141	288.768
9.41724	289.084
9.43214	289.085
9.43504	289.502
9.4678	288.886
9.47367	289.199
9.48857	289.2
9.49463	289.505
9.50358	289.711
9.53925	289
9.55117	289.103
9.58711	288.39
9.60225	288.384
9.60808	288.694
9.63512	288.286
9.66178	287.894
9.69755	287.2
9.71533	287.109
9.81072	284.468
9.8227	284.572
9.82883	284.866
9.85585	284.482
9.85889	284.875
9.86479	285.175
9.87063	285.477
9.88831	285.395
9.89437	285.689
9.92753	285.106
9.94246	285.113
9.96632	284.834
9.97228	285.129
10.0136	284.294
10.0259	284.386
10.0496	284.116
10.0525	284.506
10.0761	284.24
10.091	284.249
10.0942	284.627
10.0971	285.015
10.1475	283.907
10.1537	284.189
10.2131	282.814
10.2248	282.925
10.2338	283.118
10.2367	283.5
10.2545	283.421
10.2634	283.617
10.2783	283.627
10.2844	283.909
10.3141	283.463
10.3292	283.468
10.3413	283.564
10.3621	283.394
10.3651	283.767
10.383	283.686
10.3859	284.062
10.4097	283.8
10.4126	284.175
10.4365	283.91
10.4664	283.466
10.505	282.764
10.5079	283.135
10.5168	283.326
10.5552	282.634
10.5699	282.651
10.5878	282.573
10.621	282.043
10.627	282.318
10.6331	282.59
10.6449	282.693
10.6509	282.967
10.6658	282.978
10.6718	283.251
10.6809	283.433
10.6839	283.794
10.6961	283.883
10.7021	284.155
10.7171	284.161
10.7201	284.521
10.7501	284.085
10.7591	284.267
10.771	284.364
10.7774	284.621
10.7807	284.97
10.7958	284.972
10.8139	284.885
10.8287	284.896
10.8316	285.254
10.8559	284.987
10.8619	285.254
10.8745	285.328
10.8781	285.664
10.8868	285.851
10.9059	285.735
10.9091	286.082
10.9124	286.425
10.9217	286.593
10.9277	286.857
10.9307	287.208
10.9366	287.475
10.9397	287.822
10.9426	288.176
10.9523	288.33
10.9555	288.674
10.9593	289
10.9623	289.35
