1.07575	0
1.0816	494.279
1.08458	737.201
1.10229	440.367
1.11453	414.687
1.1235	426.54
1.1388	393.085
1.1625	337.349
1.1654	373.46
1.22808	250.483
1.23979	258.791
1.25183	265.519
1.25492	284.741
1.3031	243.919
1.32102	243.714
1.33915	243.344
1.34516	253.838
1.40513	221.025
1.41097	229.984
1.41981	236.576
1.43156	240.87
1.44344	244.805
1.45832	246.563
1.48848	239.065
1.49731	244.269
1.50022	252.714
1.50621	259.19
1.54196	248.646
1.55083	253.07
1.58913	242.664
1.59496	248.228
1.59796	255.037
1.60693	258.842
1.61305	263.907
1.63059	263.353
1.64243	265.463
1.64566	271.508
1.65196	276.015
1.65488	282.052
1.68519	275.146
1.70304	274.207
1.70601	279.744
1.72724	277.27
1.73908	278.827
1.77778	269.648
1.78377	273.452
1.82207	265.239
1.82519	269.882
1.83402	272.426
1.84567	273.909
1.86669	272.099
1.89685	267.382
1.89986	271.632
1.90277	275.885
1.92358	274.215
1.9295	277.363
1.95915	272.958
1.98874	268.856
2.01524	265.88
2.0183	269.589
2.02705	271.644
2.03002	275.314
2.03611	278.059
2.0478	279.156
2.05387	281.832
2.0952	274.664
2.12815	270.182
2.14905	268.949
2.16716	268.446
2.17588	270.24
2.17878	273.437
2.18178	276.593
2.21508	272.312
2.21804	275.38
2.23301	275.551
2.23611	278.53
2.24562	279.955
2.29612	271.929
2.30197	274.15
2.33429	270.55
2.37581	265.244
2.38461	266.758
2.39056	268.832
2.40239	269.689
2.42606	268.164
2.42904	270.761
2.43205	273.339
2.435	275.919
2.45285	275.48
2.45883	277.409
2.4952	273.352
2.50406	274.679
2.50701	277.126
2.50999	279.557
2.52472	279.696
2.53064	281.524
2.54847	281.05
2.56924	280.036
2.5903	278.996
2.60489	279.159
2.62557	278.223
2.62847	280.482
2.63758	281.609
2.64378	283.248
2.65261	284.399
2.65551	286.608
2.67348	286.089
2.69507	284.945
2.69796	287.096
2.71571	286.624
2.71864	288.738
2.73047	289.284
2.74564	289.243
2.74858	291.314
2.75163	293.358
2.75756	294.889
2.76341	296.424
2.76631	298.468
2.77812	298.934
2.81367	295.311
2.81979	296.749
2.86774	291.228
2.8855	290.758
2.89454	291.687
2.91283	291.135
2.91887	292.523
2.92182	294.393
2.9459	292.914
2.96071	292.905
2.96365	294.734
2.96667	296.545
2.96992	298.314
2.97291	300.118
2.97583	301.928
2.99092	301.805
3.01821	299.792
3.02997	300.198
3.0361	301.461
3.04502	302.288
3.08667	298.181
3.08959	299.891
3.11663	298.037
3.12247	299.296
3.1401	298.833
3.15807	298.33
3.16998	298.695
3.17291	300.336
3.18175	301.125
3.20852	299.373
3.22352	299.294
3.22957	300.458
3.25366	299.12
3.25955	300.289
3.2862	298.626
3.2921	299.778
3.31019	299.285
3.31611	300.421
3.33099	300.355
3.33394	301.873
3.34287	302.589
3.35206	303.264
3.37912	301.579
3.39989	300.744
3.41192	301.044
3.43244	300.257
3.43535	301.716
3.44429	302.4
3.46214	301.949
3.51892	296.706
3.54261	295.609
3.54563	296.995
3.55147	298.038
3.55437	299.431
3.56676	299.675
3.57282	300.677
3.57585	302.039
3.57883	303.403
3.5994	302.643
3.62875	300.858
3.64651	300.46
3.65856	300.731
3.66154	302.054
3.66459	303.365
3.67046	304.342
3.68823	303.926
3.69123	305.228
3.72419	303.063
3.73009	304.016
3.74221	304.254
3.74804	305.206
3.7719	304.108
3.7779	305.031
3.7958	304.612
3.83791	301.535
3.84086	302.775
3.85285	303.023
3.87061	302.643
3.8828	302.868
3.90054	302.495
3.90351	303.704
3.90942	304.594
3.92148	304.821
3.93945	304.417
3.9455	305.28
4.0319	297.826
4.04997	297.47
4.08594	295.352
4.1068	294.745
4.11867	295.015
4.1274	295.586
4.13927	295.851
4.1482	296.396
4.16007	296.656
4.16896	297.2
4.18104	297.435
4.19308	297.671
4.19911	298.479
4.20201	299.583
4.20787	300.401
4.21676	300.926
4.24063	300.022
4.25844	299.701
4.27326	299.663
4.30287	298.253
4.33546	296.598
4.34754	296.823
4.35367	297.585
4.37138	297.297
4.40122	295.93
4.42462	295.152
4.43366	295.644
4.43663	296.667
4.46629	295.347
4.47529	295.836
4.47828	296.844
4.50826	295.511
4.51126	296.51
4.51708	297.263
4.53201	297.229
4.54133	297.676
4.5564	297.628
4.55942	298.61
4.59807	296.561
4.60406	297.281
4.61616	297.485
4.63394	297.213
4.65482	296.687
4.66679	296.901
4.69332	295.918
4.69914	296.635
4.70499	297.346
4.71103	298.04
4.72587	298.012
4.74357	297.752
4.7673	297.008
4.77353	297.676
4.77662	298.594
4.78839	298.811
4.79132	299.737
4.8124	299.203
4.81822	299.891
4.82414	300.569
4.85102	299.574
4.85392	300.487
4.8718	300.21
4.88363	300.412
4.92246	298.504
4.95535	297.088
4.96114	297.756
4.97595	297.733
4.97888	298.616
4.99059	298.826
4.99643	299.482
5.00812	299.69
5.02302	299.654
5.03765	299.638
5.04645	300.061
5.0494	300.925
5.05241	301.783
5.07028	301.514
5.07322	302.373
5.14173	298.343
5.15977	298.083
5.19221	296.785
5.2071	296.761
5.22503	296.52
5.26048	295.041
5.2634	295.866
5.29021	295.01
5.29313	295.829
5.29619	296.638
5.29928	297.443
5.30232	298.251
5.31422	298.433
5.3262	298.608
5.33846	298.762
5.37159	297.465
5.37458	298.262
5.37755	299.06
5.4075	297.99
5.42266	297.945
5.46458	296.084
5.47646	296.267
5.52085	294.281
5.52377	295.059
5.56825	293.1
5.58322	293.085
5.59207	293.467
5.59503	294.23
5.60398	294.603
5.63117	293.793
5.63407	294.553
5.64308	294.918
5.64916	295.47
5.66418	295.444
5.66718	296.192
5.7144	294.109
5.71733	294.854
5.72652	295.2
5.73235	295.758
5.74734	295.733
5.7593	295.901
5.78602	295.14
5.79492	295.498
5.84264	293.447
5.87238	292.529
5.88417	292.71
5.89024	293.238
5.90198	293.42
5.92906	292.673
5.94689	292.489
5.96201	292.468
5.96501	293.172
5.9681	293.869
5.9711	294.571
5.97402	295.277
5.97701	295.978
5.98298	296.498
6.03905	294.02
6.048	294.36
6.06268	294.359
6.07157	294.7
6.07784	295.194
6.09279	295.175
6.1048	295.329
6.10793	296.004
6.13767	295.119
6.15562	294.926
6.19733	293.369
6.25442	290.97
6.26919	290.975
6.27219	291.638
6.27517	292.301
6.29002	292.297
6.30168	292.471
6.32848	291.802
6.34653	291.622
6.34947	292.279
6.38501	291.136
6.38799	291.786
6.45368	289.027
6.4715	288.873
6.4744	289.517
6.48931	289.518
6.51001	289.21
6.51887	289.533
6.53081	289.691
6.56644	288.599
6.58108	288.616
6.59875	288.475
6.61057	288.639
6.61959	288.949
6.63439	288.956
6.63738	289.578
6.65493	289.441
6.67867	288.986
6.68489	289.435
6.70565	289.136
6.71152	289.601
6.73246	289.293
6.7682	288.236
6.78287	288.252
6.79476	288.408
6.80081	288.857
6.80671	289.313
6.81892	289.451
6.83694	289.295
6.87564	288.11
6.89363	287.962
6.89654	288.56
6.89947	289.156
6.90246	289.749
6.90536	290.345
6.91427	290.642
6.92638	290.779
6.97673	289.031
6.98855	289.184
7.02409	288.182
7.02701	288.767
7.03588	289.062
7.07458	287.917
7.08343	288.212
7.09536	288.359
7.13997	286.95
7.14583	287.385
7.15172	287.817
7.16058	288.108
7.16354	288.677
7.17243	288.965
7.17832	289.393
7.18426	289.819
7.21747	288.956
7.22042	289.52
7.2263	289.945
7.22948	290.497
7.25649	289.927
7.26577	290.19
7.27778	290.324
7.28699	290.589
7.31666	289.9
7.32267	290.313
7.34027	290.187
7.34614	290.604
7.35805	290.741
7.36101	291.291
7.40552	289.926
7.42939	289.516
7.45366	289.092
7.45955	289.502
7.4804	289.234
7.48361	289.763
7.48983	290.156
7.49295	290.688
7.50195	290.953
7.51082	291.223
7.52878	291.082
7.56125	290.291
7.57579	290.306
7.58784	290.432
7.60908	290.149
7.63	289.882
7.63892	290.147
7.65068	290.285
7.6565	290.684
7.66233	291.083
7.67407	291.219
7.6799	291.616
7.69446	291.627
7.70331	291.89
7.74509	290.709
7.77137	290.214
7.78322	290.345
7.7893	290.725
7.79228	291.239
7.80411	291.369
7.80704	291.884
7.81336	292.251
7.85468	291.108
7.88138	290.601
7.89919	290.475
7.91995	290.225
7.92619	290.592
7.93502	290.847
7.94425	291.085
7.98841	289.851
7.99137	290.352
8.00926	290.225
8.01226	290.723
8.02694	290.73
8.03908	290.844
8.04199	291.342
8.05678	291.344
8.05979	291.836
8.06886	292.075
8.09899	291.438
8.10191	291.931
8.12307	291.668
8.15862	290.814
8.16463	291.177
8.17675	291.288
8.1826	291.656
8.20329	291.416
8.20922	291.779
8.23271	291.425
8.23871	291.784
8.25658	291.659
8.30104	290.463
8.30991	290.704
8.31292	291.18
8.31582	291.66
8.3188	292.136
8.33359	292.136
8.3483	292.139
8.36935	291.888
8.37528	292.243
8.41071	291.421
8.41981	291.648
8.42278	292.117
8.45307	291.504
8.45599	291.974
8.49206	291.137
8.50707	291.13
8.51018	291.589
8.53424	291.228
8.53723	291.69
8.56993	290.994
8.59399	290.637
8.61778	290.293
8.63583	290.172
8.63881	290.628
8.65064	290.745
8.66539	290.749
8.67725	290.864
8.68612	291.092
8.69803	291.204
8.70691	291.431
8.72187	291.426
8.72483	291.878
8.7458	291.643
8.74872	292.095
8.75454	292.436
8.78131	291.981
8.80501	291.645
8.84986	290.518
8.85575	290.853
8.87371	290.738
8.87663	291.182
8.8976	290.954
8.9124	290.956
8.91544	291.394
8.92769	291.489
8.9366	291.709
8.97545	290.821
8.97834	291.261
9.01676	290.396
9.02892	290.496
9.03182	290.932
9.0437	291.041
9.04956	291.369
9.06132	291.48
9.0824	291.253
9.10012	291.148
9.12095	290.931
9.14482	290.606
9.16841	290.293
9.18031	290.4
9.19524	290.398
9.19815	290.825
9.2393	289.889
9.26005	289.682
9.26605	289.997
9.28121	289.988
9.30503	289.673
9.33772	289.05
9.36456	288.636
9.37056	288.948
9.37358	289.363
9.37953	289.676
9.3886	289.879
9.4062	289.785
9.48135	287.709
9.4843	288.122
9.49617	288.229
9.51097	288.235
9.52031	288.428
9.52323	288.839
9.55306	288.333
9.5619	288.541
9.56485	288.95
9.6096	287.941
9.62135	288.051
9.65468	287.436
9.6607	287.737
9.6636	288.143
9.67829	288.153
9.68711	288.359
9.72007	287.76
9.73204	287.861
9.75617	287.559
9.777	287.367
9.77996	287.765
9.78903	287.961
9.79788	288.164
9.8311	287.565
9.834	287.963
9.83712	288.353
9.85798	288.16
9.87292	288.162
9.88498	288.258
9.90273	288.167
9.92322	287.988
9.9264	288.373
9.9413	288.375
9.95003	288.578
9.95294	288.97
9.9646	289.077
9.96751	289.468
9.97041	289.86
9.98529	289.86
9.98833	290.246
9.99733	290.437
10.0034	290.724
10.0094	291.012
10.0124	291.398
10.0154	291.783
10.0272	291.881
10.0392	291.972
10.0514	292.056
10.0604	292.245
10.0754	292.238
10.0936	292.127
10.1354	291.256
10.1384	291.636
10.165	291.258
10.1798	291.259
10.1888	291.446
10.1946	291.734
10.2035	291.923
10.2094	292.207
10.2358	291.836
10.2572	291.627
10.2779	291.44
10.2871	291.618
10.293	291.9
10.2989	292.182
10.3019	292.555
10.3195	292.465
10.3253	292.749
10.3906	291.161
10.3964	291.443
10.4205	291.154
10.4534	290.593
10.4563	290.964
10.5016	290.024
10.5463	289.111
10.5523	289.384
10.6294	287.502
10.6354	287.773
10.6534	287.683
10.6622	287.87
10.6712	288.05
10.683	288.146
10.686	288.505
10.6924	288.762
10.6954	289.121
10.7043	289.303
10.7344	288.848
10.761	288.501
10.7729	288.593
10.7848	288.684
10.7877	289.042
10.8599	287.351
10.8927	286.832
10.9466	285.703
10.9647	285.617
11.0061	284.862
11.0572	283.836
11.0602	284.184
11.075	284.195
11.102	283.861
11.1051	284.204
11.1257	284.051
11.1375	284.147
11.1584	283.987
11.1616	284.325
11.1733	284.423
11.1971	284.181
11.2029	284.445
11.206	284.784
11.209	285.126
11.2416	284.637
11.2624	284.48
11.2655	284.817
11.2714	285.076
11.2743	285.419
11.2772	285.761
11.3132	285.178
11.3669	284.11
11.373	284.361
11.382	284.532
11.3938	284.625
11.4057	284.716
11.4298	284.47
11.445	284.47
11.4629	284.395
11.4837	284.242
11.5137	283.839
11.5166	284.174
11.5404	283.941
11.5523	284.03
11.5853	283.55
11.5971	283.642
11.6	283.975
11.6182	283.894
11.6627	283.109
11.672	283.268
11.6779	283.518
11.6808	283.848
11.6868	284.094
11.6959	284.258
11.7108	284.266
11.7197	284.434
11.7465	284.124
11.7707	283.885
11.8004	283.502
11.845	282.729
11.8508	282.978
11.8714	282.838
11.8774	283.081
11.8892	283.172
11.9014	283.251
11.9102	283.42
11.9193	283.581
11.9251	283.827
11.931	284.071
11.937	284.312
11.9458	284.479
12.0089	283.232
12.0119	283.55
12.0208	283.714
12.036	283.714
12.0449	283.878
12.0541	284.033
12.066	284.119
12.0986	283.671
12.1046	283.908
12.1107	284.143
12.1167	284.379
12.1553	283.779
12.1671	283.866
12.1997	283.423
12.2179	283.348
12.2505	282.908
12.2594	283.069
12.2653	283.306
12.2744	283.461
12.3042	283.094
12.3191	283.103
12.352	282.66
12.3608	282.822
12.3728	282.904
12.3937	282.763
12.4025	282.925
12.4143	283.012
12.4706	281.993
12.4737	282.295
12.4977	282.08
12.5272	281.731
12.5365	281.879
12.5635	281.593
12.5695	281.821
12.5813	281.908
12.5842	282.212
12.6382	281.268
12.683	280.555
12.7454	279.425
12.7635	279.362
12.7693	279.593
12.8049	279.113
12.8137	279.271
12.8613	278.51
12.8701	278.669
12.8908	278.546
12.8966	278.775
12.9024	279.003
12.9115	279.154
12.9325	279.024
12.9354	279.32
12.9532	279.265
12.962	279.421
12.9832	279.287
12.992	279.443
13.0158	279.248
13.0277	279.331
13.0426	279.344
13.0606	279.285
13.0695	279.438
13.0754	279.661
13.0992	279.467
13.114	279.482
13.1288	279.497
13.1319	279.783
13.144	279.861
13.1469	280.151
13.1498	280.442
13.2039	279.547
13.207	279.832
13.222	279.842
13.2279	280.062
13.24	280.138
13.2518	280.221
13.2609	280.367
13.2638	280.654
13.2967	280.252
13.3118	280.26
13.3206	280.411
13.3264	280.631
13.3324	280.846
13.3353	281.132
13.3384	281.413
13.3622	281.219
13.3714	281.36
13.3744	281.643
13.3865	281.717
13.4046	281.654
13.4342	281.329
13.4432	281.473
13.4551	281.552
13.4582	281.83
13.4644	282.038
13.4853	281.911
13.5031	281.855
13.5416	281.331
13.5446	281.609
13.5506	281.82
13.5626	281.895
13.5684	282.11
13.5863	282.052
13.5924	282.26
13.6014	282.402
13.6044	282.679
13.6075	282.953
13.6348	282.682
13.6407	282.893
13.6528	282.965
13.7102	282.021
13.7401	281.697
13.7461	281.904
13.7521	282.112
13.7642	282.183
13.7761	282.259
13.785	282.401
13.7882	282.67
13.8003	282.74
13.8212	282.616
13.8241	282.89
13.8392	282.894
13.8451	283.101
13.8571	283.174
13.8748	283.12
13.8807	283.326
13.8987	283.266
13.9045	283.474
13.9463	282.889
13.9728	282.643
13.9877	282.652
13.9935	282.859
14.0056	282.928
14.0086	283.197
14.0177	283.331
14.0416	283.142
14.0593	283.089
14.0652	283.293
14.0922	283.037
14.0981	283.241
14.1343	282.787
14.1402	282.989
14.1639	282.807
14.167	283.07
14.1729	283.272
14.1789	283.472
14.1818	283.739
14.1848	284.004
14.1994	284.017
14.2113	284.089
14.2203	284.223
14.2262	284.424
14.2648	283.919
14.2677	284.184
14.2708	284.444
14.2977	284.192
14.3006	284.457
14.3307	284.137
14.3486	284.079
14.3692	283.964
14.4053	283.519
14.4083	283.779
14.4113	284.039
14.4142	284.301
14.4172	284.561
14.4321	284.567
14.4736	284.008
14.5182	283.387
14.527	283.523
14.53	283.781
14.533	284.039
14.5359	284.298
14.5597	284.117
14.5804	284.001
14.5866	284.191
14.6286	283.629
14.6623	283.243
14.677	283.255
14.707	282.949
14.7546	282.28
14.8051	281.556
14.808	281.811
14.8169	281.943
14.8256	282.079
14.8316	282.27
14.8403	282.405
14.8434	282.656
14.8495	282.844
14.8524	283.098
14.8553	283.352
14.8641	283.484
14.8878	283.311
14.9028	283.316
14.9087	283.507
14.9146	283.698
14.9324	283.646
14.9353	283.898
14.9799	283.298
14.986	283.485
14.992	283.673
15.0128	283.559
15.0281	283.558
15.0492	283.439
15.0737	283.252
15.1816	281.392
15.1905	281.52
15.1996	281.645
15.2116	281.711
15.2595	281.064
15.2624	281.311
15.2654	281.556
15.3339	280.507
15.3547	280.401
15.3695	280.413
15.3816	280.478
15.3847	280.719
15.4176	280.376
15.4385	280.269
15.4534	280.279
15.4891	279.884
15.5072	279.833
15.5224	279.837
15.5401	279.794
15.5998	278.941
15.6148	278.95
15.6295	278.965
15.6415	279.032
15.6474	279.216
15.6621	279.23
15.6681	279.412
15.68	279.48
15.683	279.718
15.6889	279.901
15.6947	280.085
15.6978	280.321
15.728	280.038
15.7368	280.165
15.7486	280.234
15.7693	280.133
15.7901	280.031
15.8107	279.932
15.8137	280.169
15.8402	279.958
15.8434	280.19
15.8495	280.367
15.8525	280.602
15.8734	280.498
15.8827	280.613
15.8858	280.846
15.8917	281.026
15.9155	280.866
15.9454	280.592
15.9484	280.826
15.9545	281.001
15.9845	280.726
15.9874	280.961
15.9903	281.196
16.002	281.265
16.0466	280.715
16.0554	280.839
16.0818	280.633
16.0848	280.864
16.1119	280.646
16.1237	280.713
16.1267	280.944
16.1297	281.175
16.1326	281.407
16.1355	281.64
16.1473	281.706
16.2129	280.771
16.2335	280.674
16.2485	280.681
16.2575	280.8
16.3137	280.048
16.3255	280.114
16.3315	280.287
16.3434	280.352
16.3552	280.418
16.373	280.374
16.3818	280.495
16.3878	280.667
16.3971	280.779
16.4209	280.625
16.4421	280.519
16.4481	280.69
16.4601	280.752
16.4779	280.708
16.5043	280.508
16.5192	280.517
16.5252	280.688
16.5312	280.858
16.5341	281.085
16.5459	281.15
16.5579	281.211
16.5697	281.275
16.6144	280.744
16.6414	280.535
16.656	280.549
16.674	280.503
16.6799	280.673
16.7008	280.574
16.7038	280.797
16.7278	280.642
16.7523	280.479
16.7642	280.542
16.7702	280.71
16.8029	280.401
16.8296	280.2
16.8417	280.259
16.8864	279.74
16.9072	279.645
16.919	279.71
16.9485	279.462
16.9543	279.632
16.9814	279.427
17.0019	279.339
17.0048	279.559
17.0289	279.408
17.0318	279.628
17.0351	279.84
17.047	279.902
17.0624	279.903
17.0774	279.911
17.0863	280.025
17.0893	280.242
17.0926	280.454
17.0984	280.622
17.1167	280.571
17.1227	280.736
17.1261	280.945
17.1354	281.051
17.1416	281.212
17.1605	281.15
17.1698	281.256
17.1757	281.421
17.1817	281.585
17.1943	281.632
17.1972	281.85
17.2001	282.067
17.2034	282.277
17.213	282.377
17.2191	282.538
17.2281	282.648
17.2371	282.757
17.2402	282.97
17.2434	283.182
17.2465	283.394
17.2736	283.187
17.2799	283.344
17.2979	283.295
17.3041	283.453
17.3103	283.611
17.3132	283.827
17.3162	284.04
17.3193	284.252
17.3226	284.46
17.3261	284.664
17.3291	284.878
17.3322	285.089
17.3353	285.3
17.3384	285.512
17.3417	285.719
17.3447	285.932
17.348	286.139
17.351	286.352
17.3545	286.556
17.3576	286.767
17.3611	286.97
17.3645	287.176
17.3674	287.39
17.3707	287.596
17.3742	287.8
17.3772	288.012
17.3806	288.217
17.3835	288.43
17.3872	288.63
17.3909	288.829
17.3943	289.033
