1.0819	0
1.13572	76.177
1.14448	131.969
1.17721	131.976
1.18304	166.106
1.19472	186.674
1.20083	212.773
1.20999	230.875
1.24607	206.872
1.25779	217.474
1.27567	219.668
1.31429	201.972
1.31722	217.623
1.32326	229.928
1.34416	228.097
1.39509	205.011
1.41011	208.759
1.41911	215.936
1.46083	203.656
1.47588	206.818
1.56351	178.328
1.56666	186.035
1.59392	184.576
1.59686	191.87
1.61464	193.566
1.62639	197.304
1.63841	200.787
1.65668	201.915
1.68341	200.132
1.69248	204.215
1.71314	204.374
1.72832	206.25
1.73433	210.95
1.75189	211.865
1.78458	208.172
1.79356	211.602
1.80571	214.009
1.82346	214.709
1.82933	218.787
1.83543	222.733
1.86223	220.628
1.8772	221.902
1.88012	226.486
1.89809	226.791
1.90113	231.207
1.91308	233.074
1.92784	234.11
1.99377	221.96
2.03819	216.185
2.05914	215.971
2.06204	219.729
2.06856	222.647
2.07157	226.324
2.0805	228.619
2.11331	225.544
2.11928	228.402
2.12574	231.12
2.13186	233.879
2.13772	236.665
2.1525	237.431
2.16754	238.119
2.17334	240.805
2.17633	244.086
2.17926	247.362
2.18522	249.934
2.1912	252.475
2.20307	253.652
2.22651	252.235
2.23243	254.686
2.24457	255.74
2.25362	257.447
2.25962	259.798
2.27455	260.167
2.28043	262.489
2.31009	259.674
2.33372	258.227
2.35153	258.008
2.38448	254.805
2.39032	256.964
2.39337	259.655
2.40241	261.146
2.40836	263.226
2.41731	264.694
2.42943	265.517
2.45018	264.65
2.46238	265.439
2.46529	267.998
2.4714	269.924
2.48048	271.258
2.49865	270.829
2.50757	272.162
2.52242	272.355
2.54321	271.438
2.54613	273.843
2.57969	270.597
2.59154	271.333
2.59748	273.117
2.63008	270.162
2.63895	271.395
2.64508	273.091
2.66308	272.715
2.67476	273.426
2.69849	272.087
2.73419	268.829
2.74627	269.472
2.7525	271.05
2.76433	271.711
2.76729	273.793
2.77633	274.88
2.78513	275.995
2.83904	269.995
2.84797	271.075
2.85094	273.058
2.85705	274.55
2.89017	271.914
2.9112	271.151
2.91414	273.071
2.92016	274.524
2.9292	275.518
2.98307	269.991
2.98604	271.836
2.99206	273.239
3.03363	269.638
3.04263	270.602
3.06056	270.334
3.08109	269.719
3.08995	270.679
3.09315	272.394
3.10196	273.343
3.10788	274.675
3.16713	268.95
3.17606	269.865
3.21855	266.525
3.22168	268.151
3.22758	269.426
3.23696	270.256
3.23987	271.892
3.24576	273.146
3.25465	274.016
3.2755	273.382
3.30246	272.01
3.30841	273.221
3.32967	272.56
3.35968	270.868
3.36868	271.69
3.3716	273.228
3.3775	274.406
3.38364	275.55
3.41611	273.57
3.44891	271.606
3.46092	272.051
3.46382	273.531
3.47262	274.33
3.47565	275.786
3.4845	276.567
3.49033	277.69
3.52613	275.393
3.54393	275.157
3.55291	275.904
3.55582	277.324
3.55883	278.73
3.56176	280.141
3.56502	281.511
3.57677	281.917
3.58269	282.975
3.58558	284.373
3.6067	283.706
3.61572	284.4
3.62179	285.42
3.63965	285.116
3.6578	284.785
3.66975	285.139
3.67569	286.15
3.67859	287.493
3.70278	286.489
3.71169	287.16
3.72953	286.857
3.73249	288.165
3.7354	289.476
3.73838	290.776
3.74439	291.741
3.7534	292.373
3.76261	292.98
3.76551	294.271
3.78315	293.949
3.79509	294.248
3.80422	294.847
3.81008	295.796
3.81903	296.407
3.82203	297.657
3.82501	298.908
3.85774	296.941
3.8725	296.919
3.8786	297.815
3.8815	299.048
3.92944	295.534
3.94458	295.48
3.96255	295.137
3.9686	296.014
3.97454	296.899
3.98046	297.782
3.99548	297.73
4.00425	298.314
4.0075	299.458
4.02862	298.778
4.04354	298.732
4.115	293.123
4.14451	291.711
4.16216	291.442
4.17699	291.442
4.19172	291.45
4.19756	292.29
4.20052	293.396
4.22124	292.837
4.22419	293.935
4.22719	295.028
4.23024	296.113
4.23612	296.93
4.24498	297.463
4.25088	298.272
4.26613	298.2
4.26922	299.266
4.29948	297.795
4.3024	298.865
4.31465	299.069
4.31772	300.119
4.33847	299.534
4.3475	300.028
4.35927	300.269
4.36221	301.316
4.38889	300.192
4.40076	300.42
4.41292	300.62
4.44323	299.196
4.44629	300.207
4.46112	300.168
4.51807	296.453
4.53305	296.418
4.55383	295.889
4.5571	296.853
4.56003	297.844
4.56589	298.582
4.5984	297.051
4.63399	295.293
4.65171	295.037
4.67861	294.033
4.72948	291.119
4.73238	292.07
4.74159	292.515
4.7445	293.461
4.7716	292.478
4.78943	292.236
4.79233	293.172
4.79522	294.106
4.80421	294.556
4.86955	290.618
4.87274	291.513
4.88162	291.968
4.89941	291.739
4.90524	292.424
4.91118	293.098
4.93221	292.619
4.94415	292.833
4.94707	293.729
4.95014	294.612
4.9593	295.029
4.98306	294.34
4.98612	295.216
5.00439	294.942
5.01358	295.351
5.03455	294.878
5.09402	291.586
5.11757	290.955
5.12644	291.385
5.12936	292.241
5.13247	293.083
5.14765	293.051
5.15073	293.891
5.1719	293.426
5.19864	292.57
5.20172	293.399
5.21674	293.378
5.21969	294.213
5.23168	294.403
5.24058	294.812
5.24367	295.63
5.26149	295.404
5.27626	295.393
5.28219	296.004
5.2882	296.608
5.29716	297.002
5.33022	295.709
5.34818	295.477
5.35118	296.28
5.37829	295.417
5.38128	296.216
5.39018	296.606
5.39911	296.993
5.41995	296.562
5.42587	297.152
5.42898	297.933
5.43188	298.727
5.44369	298.909
5.45536	299.099
5.45827	299.886
5.46735	300.25
5.47635	300.618
5.48227	301.195
5.48522	301.974
5.49433	302.329
5.50323	302.697
5.50618	303.472
5.5209	303.438
5.52708	303.988
5.53322	304.539
5.58075	302.283
5.58991	302.627
5.59296	303.38
5.59589	304.139
5.60208	304.678
5.64944	302.466
5.67644	301.629
5.68235	302.181
5.6853	302.925
5.68823	303.67
5.69705	304.025
5.70001	304.765
5.7029	305.509
5.71173	305.859
5.74737	304.45
5.76498	304.227
5.76787	304.961
5.77369	305.503
5.79758	304.872
5.81577	304.613
5.8338	304.367
5.87888	302.408
5.88808	302.728
5.92409	301.37
5.93016	301.883
5.9421	302.03
5.94507	302.734
5.96016	302.683
5.98079	302.29
6.02258	300.609
6.03138	300.947
6.04627	300.914
6.04941	301.593
6.05234	302.284
6.05829	302.791
6.09402	301.495
6.1058	301.648
6.11168	302.154
6.1295	301.943
6.14773	301.709
6.17433	300.982
6.20415	300.074
6.22233	299.853
6.23126	300.172
6.23426	300.835
6.23728	301.496
6.24925	301.634
6.25508	302.129
6.28488	301.229
6.28788	301.885
6.30848	301.522
6.31462	301.993
6.33247	301.79
6.33839	302.271
6.3413	302.925
6.34719	303.406
6.3562	303.707
6.3801	303.153
6.38902	303.457
6.41287	302.91
6.41873	303.387
6.42757	303.693
6.4516	303.139
6.51738	300.266
6.52638	300.563
6.53226	301.031
6.54701	301.01
6.58299	299.827
6.58894	300.287
6.59183	300.913
6.59783	301.369
6.61556	301.184
6.62452	301.476
6.65783	300.451
6.66077	301.066
6.68149	300.724
6.68446	301.335
6.68746	301.944
6.75278	299.23
6.76787	299.195
6.77102	299.789
6.77392	300.395
6.81265	299.119
6.8638	297.221
6.86671	297.818
6.86964	298.413
6.87871	298.691
6.91477	297.586
6.9206	298.028
6.97419	296.052
6.97717	296.635
7.00097	296.172
7.00695	296.602
7.03369	295.996
7.04881	295.97
7.05775	296.25
7.06069	296.826
7.0816	296.512
7.09708	296.467
7.10889	296.603
7.16334	294.659
7.20235	293.487
7.23567	292.6
7.23869	293.158
7.24769	293.431
7.25398	293.831
7.25693	294.39
7.26903	294.513
7.27487	294.932
7.28075	295.349
7.28676	295.759
7.28974	296.313
7.32539	295.313
7.33423	295.587
7.34041	295.985
7.36154	295.677
7.36453	296.224
7.37328	296.498
7.40007	295.925
7.40304	296.469
7.41805	296.449
7.43294	296.434
7.43592	296.974
7.43904	297.508
7.45361	297.506
7.46262	297.763
7.48615	297.343
7.50081	297.337
7.51286	297.452
7.52474	297.574
7.52767	298.108
7.53935	298.238
7.56042	297.935
7.59029	297.232
7.602	297.361
7.62293	297.07
7.63497	297.183
7.64404	297.43
7.67103	296.868
7.68872	296.727
7.69464	297.115
7.72772	296.286
7.73079	296.799
7.74574	296.781
7.76677	296.494
7.77276	296.874
7.8084	295.944
7.85863	294.388
7.90633	292.964
7.92129	292.955
7.9331	293.08
7.93906	293.456
7.95368	293.46
7.98934	292.571
7.99245	293.064
7.99857	293.429
8.01949	293.167
8.03405	293.174
8.03996	293.546
8.05512	293.527
8.05801	294.025
8.08195	293.637
8.09694	293.625
8.13866	292.502
8.14747	292.748
8.15043	293.237
8.15638	293.601
8.17127	293.593
8.1801	293.837
8.18888	294.081
8.21301	293.692
8.2369	293.315
8.24902	293.422
8.26069	293.547
8.28456	293.174
8.28751	293.653
8.2964	293.89
8.3232	293.399
8.32623	293.873
8.33801	293.991
8.34993	294.103
8.37359	293.741
8.39158	293.609
8.40352	293.721
8.41541	293.833
8.42138	294.183
8.45138	293.572
8.45433	294.04
8.49895	292.854
8.50185	293.322
8.51981	293.194
8.5374	293.082
8.5404	293.543
8.55235	293.652
8.57051	293.517
8.57352	293.975
8.57952	294.316
8.58879	294.528
8.59476	294.869
8.59779	295.325
8.61844	295.089
8.6365	294.955
8.726	292.068
8.74689	291.836
8.75276	292.175
8.7616	292.401
8.77656	292.394
8.78853	292.501
8.79149	292.949
8.81825	292.494
8.83597	292.383
8.8418	292.719
8.8686	292.267
8.87465	292.594
8.88059	292.925
8.8836	293.366
8.89847	293.36
8.90167	293.793
8.91038	294.018
8.9134	294.456
8.91939	294.782
8.92529	295.111
8.93404	295.332
8.93698	295.771
8.94283	296.1
8.94581	296.537
8.97868	295.85
8.9816	296.288
8.99048	296.501
9.00884	296.359
9.01185	296.792
9.01489	297.222
9.01786	297.655
9.0501	296.993
9.05312	297.423
9.07097	297.299
9.077	297.615
9.08296	297.933
9.08591	298.363
9.08881	298.794
9.10957	298.56
9.11251	298.988
9.12728	298.976
9.13022	299.403
9.13314	299.831
9.13911	300.145
9.15383	300.133
9.15985	300.444
9.20218	299.41
9.22314	299.17
9.238	299.155
9.25264	299.147
9.26142	299.354
9.26436	299.775
9.26738	300.192
9.29099	299.855
9.30284	299.948
9.32341	299.723
9.33225	299.926
9.33535	300.336
9.34721	300.428
9.35354	300.72
9.36549	300.808
9.38026	300.793
9.38324	301.206
9.38618	301.619
9.3923	301.917
9.39524	302.329
9.4101	302.309
9.41305	302.72
9.41927	303.012
9.43415	302.99
9.4371	303.399
9.44889	303.488
9.46953	303.257
9.47292	303.649
9.47875	303.952
9.51137	303.289
9.51739	303.584
9.52036	303.989
9.53525	303.965
9.54134	304.257
9.56793	303.812
9.57967	303.901
9.58258	304.305
9.60069	304.165
9.62142	303.933
9.62758	304.219
9.63678	304.397
9.65434	304.278
9.65738	304.673
9.66937	304.751
9.69347	304.4
9.71436	304.164
9.71733	304.559
9.7203	304.954
9.72324	305.351
9.72621	305.745
9.74402	305.615
9.75312	305.793
9.7592	306.076
9.77152	306.139
9.78335	306.22
9.80126	306.086
9.80726	306.371
9.8251	306.24
9.83995	306.214
9.84293	306.603
9.85758	306.583
9.86048	306.974
9.87819	306.847
9.89607	306.714
9.914	306.581
9.91691	306.969
9.93796	306.727
9.95633	306.579
9.97417	306.45
9.97718	306.832
9.99515	306.698
10.0671	304.723
10.0791	304.797
10.0938	304.779
10.1176	304.455
10.1447	304.021
10.1476	304.4
10.1597	304.47
10.1807	304.242
10.2016	304.019
10.2045	304.396
10.2074	304.772
10.2193	304.848
10.2402	304.624
10.2552	304.597
10.2642	304.769
10.2671	305.143
10.3	304.523
10.303	304.892
10.3119	305.066
10.315	305.431
10.318	305.8
10.3419	305.477
10.3984	304.089
