1.0542	0
1.05718	735.945
1.06609	584.574
1.14996	131.374
1.1679	148.212
1.17387	176.24
1.18291	196.96
1.18581	224.833
1.19469	241.038
1.22723	221.01
1.23929	229.812
1.24223	248.9
1.24847	262.934
1.25442	276.5
1.2901	253.277
1.30202	258.466
1.30492	272.544
1.31085	282.962
1.31997	289.436
1.32584	298.984
1.33185	307.977
1.39207	266.228
1.39814	274.025
1.40398	281.736
1.40729	291.252
1.43999	277.864
1.44596	284.607
1.45192	291.156
1.47302	286.832
1.48199	290.889
1.49386	292.848
1.50564	294.764
1.50875	302.204
1.5266	299.943
1.5447	297.696
1.57747	287.365
1.58355	292.199
1.59253	295.333
1.59848	300.016
1.60456	304.528
1.61945	304.15
1.63742	302.196
1.64345	306.414
1.64657	312.065
1.65551	314.598
1.66727	315.605
1.69125	310.529
1.69431	315.77
1.70661	316.435
1.71252	320.14
1.79955	288.677
1.83259	281.999
1.83852	285.362
1.84437	288.705
1.85961	288.606
1.86852	290.745
1.88358	290.675
1.88943	293.8
1.89549	296.809
1.90441	298.769
1.91337	300.675
1.97271	286
2.01429	278.137
2.04106	274.979
2.04425	278.446
2.05022	281.106
2.05922	282.882
2.07396	283.029
2.07716	286.358
2.08922	287.193
2.12191	282.458
2.13416	283.253
2.14629	284.06
2.16415	283.383
2.17008	285.742
2.18504	285.782
2.1969	286.595
2.2147	285.923
2.22097	288.084
2.22692	290.3
2.23285	292.5
2.24771	292.477
2.25069	295.353
2.2686	294.556
2.28082	295.142
2.28373	297.95
2.29852	297.881
2.30153	300.619
2.30446	303.364
2.33395	299.757
2.346	300.304
2.36416	299.44
2.38481	298.043
2.39967	297.962
2.40876	299.149
2.43533	296.528
2.44419	297.743
2.44723	300.189
2.45327	301.977
2.46532	302.459
2.47127	304.234
2.50983	299.153
2.5129	301.48
2.53344	300.217
2.56282	297.239
2.57169	298.346
2.61039	293.712
2.61328	295.934
2.6224	296.966
2.65243	294.094
2.66128	295.161
2.67006	296.229
2.76534	282.282
2.78338	281.836
2.8354	276.04
2.8769	272.131
2.88567	273.185
2.88867	275.09
2.90662	274.757
2.93073	273.531
2.93658	274.974
2.94248	276.4
2.95718	276.535
2.96917	277.059
2.99893	275.043
3.02572	273.499
3.03154	274.877
3.03739	276.243
3.04614	277.197
3.05207	278.534
3.06709	278.602
3.0729	279.938
3.09658	278.809
3.10555	279.695
3.11749	280.169
3.12043	281.859
3.12657	283.107
3.13569	283.941
3.1417	285.191
3.14488	286.821
3.15081	288.069
3.166	288.042
3.17798	288.451
3.19591	288.054
3.22254	286.51
3.23149	287.316
3.24331	287.737
3.24931	288.917
3.25221	290.499
3.25813	291.678
3.26104	293.248
3.26412	294.793
3.29108	293.173
3.29722	294.295
3.3002	295.826
3.30328	297.34
3.32126	296.888
3.336	296.863
3.33907	298.353
3.34204	299.852
3.34795	300.961
3.35395	302.053
3.37492	301.187
3.38084	302.276
3.42871	298.006
3.43762	298.704
3.44363	299.759
3.51203	293.182
3.51819	294.202
3.52407	295.249
3.52998	296.288
3.55375	295.2
3.55664	296.584
3.60385	292.791
3.65141	289.097
3.6753	288.111
3.69893	287.171
3.70184	288.486
3.71389	288.803
3.71683	290.105
3.72273	291.081
3.75209	289.516
3.76383	289.856
3.7729	290.477
3.78173	291.12
3.79355	291.441
3.80527	291.769
3.83811	289.881
3.85611	289.561
3.87421	289.234
3.88339	289.822
3.89265	290.398
3.8985	291.319
3.90449	292.221
3.94305	289.819
3.96708	288.912
3.98224	288.891
4.00023	288.594
4.01527	288.587
4.02417	289.176
4.07453	285.788
4.07742	286.943
4.08328	287.813
4.13392	284.486
4.14322	285.028
4.14621	286.148
4.14913	287.273
4.15501	288.121
4.15799	289.235
4.17017	289.49
4.18497	289.502
4.18789	290.61
4.21178	289.78
4.30993	282.377
4.3248	282.414
4.33086	283.21
4.36332	281.738
4.36923	282.538
4.38113	282.826
4.39893	282.613
4.42872	281.399
4.44935	280.962
4.46465	280.968
4.47953	281.009
4.49722	280.82
4.50648	281.318
4.51536	281.844
4.53037	281.869
4.56613	280.231
4.57205	280.986
4.58681	281.035
4.59559	281.558
4.61939	280.891
4.63419	280.936
4.63722	281.903
4.64311	282.644
4.64613	283.608
4.66427	283.38
4.67606	283.65
4.68209	284.369
4.69696	284.394
4.70863	284.667
4.72339	284.7
4.72638	285.644
4.73224	286.362
4.7538	285.862
4.76582	286.1
4.78387	285.874
4.79871	285.894
4.80164	286.823
4.81983	286.585
4.82864	287.06
4.84362	287.065
4.87047	286.178
4.87939	286.64
4.91231	285.315
4.93897	284.469
4.9626	283.855
4.96859	284.524
4.98963	284.101
4.99252	284.989
5.01923	284.159
5.03688	283.984
5.0665	282.965
5.07235	283.628
5.09	283.458
5.10179	283.7
5.11066	284.144
5.12262	284.37
5.14323	283.994
5.14915	284.638
5.16137	284.843
5.16429	285.691
5.17891	285.725
5.19374	285.745
5.21447	285.36
5.22041	285.99
5.22966	286.391
5.23268	287.217
5.23565	288.045
5.26557	287.025
5.28025	287.051
5.29806	286.864
5.30097	287.684
5.30395	288.498
5.33384	287.494
5.34879	287.499
5.38454	286.124
5.38744	286.929
5.47406	282.286
5.48598	282.501
5.48903	283.281
5.50374	283.315
5.50966	283.908
5.52194	284.094
5.5462	283.522
5.56387	283.369
5.56985	283.95
5.58763	283.79
5.61146	283.254
5.62038	283.646
5.63834	283.478
5.64429	284.051
5.65066	284.597
5.68321	283.529
5.68626	284.275
5.69564	284.631
5.70163	285.193
5.7135	285.394
5.73112	285.242
5.73405	285.986
5.73709	286.723
5.74919	286.904
5.75212	287.644
5.78185	286.75
5.79405	286.923
5.80005	287.47
5.80301	288.2
5.82631	287.698
5.83513	288.071
5.83809	288.795
5.8411	289.516
5.84725	290.045
5.8623	290.036
5.88354	289.655
5.89849	289.653
5.90151	290.363
5.90744	290.898
5.93123	290.365
5.95235	289.996
5.96723	289.997
5.98523	289.814
6.00909	289.291
6.0122	289.98
6.01815	290.503
6.0506	289.481
6.06556	289.479
6.07758	289.646
6.11099	288.587
6.1169	289.104
6.13773	288.769
6.1499	288.927
6.1737	288.428
6.17963	288.937
6.2274	287.105
6.26282	285.982
6.27156	286.331
6.27739	286.838
6.31355	285.688
6.3401	285.071
6.34912	285.401
6.36089	285.582
6.37287	285.751
6.38469	285.927
6.39091	286.403
6.39383	287.056
6.39679	287.705
6.45367	285.475
6.46884	285.473
6.49861	284.706
6.52576	284.083
6.55232	283.497
6.57652	283.037
6.57956	283.663
6.58261	284.288
6.59435	284.465
6.59733	285.091
6.60625	285.411
6.6181	285.579
6.62695	285.901
6.63902	286.056
6.6597	285.772
6.66855	286.091
6.67146	286.711
6.68644	286.716
6.70738	286.418
6.73141	285.967
6.74921	285.832
6.76709	285.693
6.77003	286.302
6.81215	284.958
6.84765	283.958
6.87453	283.39
6.91923	281.967
6.92526	282.413
6.92841	282.997
6.93736	283.3
6.94343	283.742
6.94953	284.181
6.9646	284.187
6.97342	284.493
6.98546	284.644
7.01208	284.098
7.01797	284.541
7.05353	283.575
7.05962	284.007
7.06853	284.304
7.09862	283.604
7.11034	283.768
7.13471	283.342
7.13776	283.909
7.14994	284.051
7.15304	284.614
7.18275	283.94
7.19485	284.084
7.19779	284.651
7.20667	284.942
7.20968	285.504
7.21568	285.927
7.23061	285.935
7.23366	286.493
7.24539	286.648
7.25447	286.925
7.28125	286.385
7.29631	286.386
7.31442	286.248
7.31739	286.801
7.33224	286.811
7.34121	287.089
7.36272	286.795
7.36569	287.344
7.39502	286.697
7.41908	286.292
7.47004	284.692
7.47588	285.105
7.47881	285.648
7.49073	285.79
7.49396	286.317
7.49688	286.857
7.51481	286.73
7.5267	286.871
7.53574	287.137
7.54459	287.411
7.55066	287.807
7.55366	288.339
7.57124	288.224
7.58314	288.36
7.58616	288.888
7.61577	288.243
7.62162	288.644
7.62745	289.045
7.64539	288.914
7.66908	288.532
7.6898	288.282
7.70758	288.161
7.72248	288.165
7.73747	288.165
7.74658	288.419
7.75255	288.806
7.77931	288.3
7.7882	288.56
7.80912	288.306
7.83316	287.921
7.83915	288.304
7.84801	288.564
7.86583	288.443
7.8747	288.701
7.91666	287.566
7.91983	288.062
7.92895	288.308
7.96767	287.319
7.9706	287.821
7.97649	288.2
7.99116	288.214
8.00309	288.341
8.01211	288.588
8.03002	288.466
8.04177	288.599
8.05667	288.602
8.07471	288.476
8.08963	288.478
8.09268	288.966
8.0986	289.337
8.1045	289.707
8.12268	289.573
8.15583	288.83
8.16184	289.194
8.17062	289.444
8.20074	288.829
8.20675	289.19
8.2097	289.674
8.23685	289.181
8.24561	289.429
8.27242	288.953
8.30589	288.215
8.32359	288.108
8.33816	288.124
8.34106	288.602
8.34718	288.953
8.38287	288.135
8.40104	288.011
8.40395	288.484
8.41612	288.594
8.42807	288.712
8.43696	288.95
8.46681	288.369
8.48768	288.141
8.49647	288.381
8.51125	288.388
8.54995	287.476
8.5589	287.709
8.57666	287.604
8.58859	287.722
8.59457	288.066
8.60642	288.186
8.60939	288.645
8.6123	289.105
8.64489	288.433
8.64791	288.887
8.6627	288.893
8.67149	289.127
8.67444	289.582
8.68327	289.813
8.6922	290.04
8.71321	289.808
8.72231	290.027
8.73116	290.256
8.73408	290.708
8.7399	291.049
8.75794	290.929
8.76376	291.269
8.76977	291.602
8.77871	291.824
8.7964	291.715
8.80245	292.045
8.80827	292.383
8.84139	291.694
8.8444	292.136
8.8566	292.233
8.87733	292.01
8.88329	292.34
8.89238	292.552
8.90116	292.775
8.91322	292.875
8.91915	293.204
8.94872	292.653
8.95166	293.091
8.95466	293.526
8.96388	293.73
9.02917	291.868
9.04702	291.756
9.05317	292.072
9.0591	292.395
9.0621	292.825
9.07107	293.036
9.08608	293.026
9.09207	293.345
9.10677	293.346
9.11269	293.667
9.1187	293.984
9.13063	294.084
9.13653	294.404
9.14531	294.618
9.16301	294.508
9.17503	294.604
9.17795	295.03
9.18696	295.234
9.21988	294.573
9.22586	294.886
9.24399	294.761
9.26178	294.648
9.27669	294.639
9.28553	294.848
9.29739	294.947
9.30029	295.367
9.32116	295.144
9.35365	294.51
9.38935	293.767
9.4071	293.66
9.41007	294.072
9.41603	294.379
9.42498	294.581
9.44292	294.466
9.44896	294.768
9.45794	294.967
9.46982	295.064
9.51489	294.003
9.52368	294.208
9.52661	294.616
9.52957	295.023
9.53254	295.429
9.54146	295.627
9.54737	295.93
9.55065	296.324
9.56563	296.31
9.57761	296.401
9.59864	296.177
9.61075	296.262
9.61666	296.562
9.61972	296.961
9.63781	296.838
9.64674	297.032
9.64967	297.433
9.65271	297.831
9.65568	298.23
9.65877	298.625
9.66492	298.913
9.67096	299.205
9.67702	299.495
9.67998	299.893
9.68591	300.188
9.68881	300.587
9.69208	300.973
9.70709	300.95
9.70999	301.348
9.71887	301.538
9.72776	301.727
9.73372	302.018
9.75174	301.889
9.75779	302.175
9.76368	302.466
9.79056	302.03
9.79662	302.315
9.80879	302.388
9.81177	302.779
9.8178	303.063
9.82082	303.451
9.82979	303.633
9.83561	303.924
9.83869	304.309
9.86539	303.877
9.8773	303.957
9.90105	303.629
9.90406	304.014
9.9071	304.397
9.91294	304.684
9.9218	304.867
9.93372	304.944
9.94542	305.029
9.96626	304.8
9.97523	304.978
9.99032	304.947
10.0592	303.094
10.1034	302.092
10.1301	301.679
10.1331	302.055
10.136	302.434
10.1483	302.5
10.1572	302.679
10.1901	302.062
10.2286	301.265
10.2316	301.638
10.25	301.504
10.253	301.875
10.271	301.754
10.289	301.634
10.292	302.003
10.3126	301.798
10.3246	301.873
10.3277	302.238
10.3395	302.319
10.3425	302.687
10.3574	302.666
10.3634	302.935
10.3841	302.726
10.3869	303.098
10.3899	303.463
10.4051	303.432
10.4175	303.492
10.4292	303.574
10.4322	303.937
10.4588	303.537
10.4711	303.599
10.4769	303.871
10.4918	303.849
10.4947	304.213
10.5035	304.387
10.5305	303.975
10.5336	304.332
10.5365	304.694
10.5512	304.677
10.5573	304.936
10.5663	305.102
10.5692	305.463
10.575	305.73
10.5808	305.997
10.5925	306.075
10.6047	306.136
10.6194	306.118
10.6344	306.089
10.6522	305.972
10.6645	306.03
10.6734	306.195
10.6764	306.549
10.6881	306.625
10.694	306.885
10.7118	306.767
10.7179	307.02
10.7297	307.092
10.7654	306.409
10.7802	306.386
10.7891	306.55
10.828	305.772
10.8309	306.123
10.8339	306.471
10.8428	306.634
10.8963	305.406
10.8992	305.755
10.9169	305.644
10.9228	305.899
10.9317	306.061
10.9502	305.925
10.9767	305.544
10.9886	305.612
10.9918	305.949
11.0453	304.743
11.0866	303.919
11.1309	303.012
11.1456	302.999
11.1666	302.797
11.1991	302.253
11.2079	302.416
11.2108	302.755
11.229	302.638
11.2651	301.992
11.3156	300.927
11.3187	301.257
11.3424	300.983
11.3453	301.318
11.3541	301.48
11.3691	301.46
11.3839	301.446
11.4047	301.258
11.4106	301.503
11.4135	301.836
11.4226	301.988
11.4255	302.32
11.4314	302.564
11.4343	302.895
11.4405	303.13
11.4435	303.459
11.4465	303.787
11.4555	303.939
11.4616	304.176
11.5119	303.126
11.5267	303.11
11.5356	303.265
11.5415	303.506
11.5564	303.487
11.5891	302.955
11.5951	303.193
11.604	303.346
11.6218	303.244
11.631	303.389
11.6575	303.038
11.6844	302.678
11.6964	302.742
11.7023	302.98
11.7235	302.783
11.7716	301.828
11.7776	302.062
11.7805	302.383
11.7865	302.616
11.7982	302.688
11.8132	302.668
11.8516	301.992
11.8608	302.135
11.9113	301.127
11.9175	301.353
11.9326	301.332
11.9569	301.057
11.9774	300.887
11.9957	300.779
11.9986	301.094
12.0016	301.406
12.0046	301.718
12.0105	301.949
12.0221	302.024
12.0341	302.087
12.037	302.401
12.0428	302.634
12.0516	302.785
12.0608	302.924
12.0787	302.824
12.0817	303.133
12.0877	303.36
12.0966	303.507
12.1118	303.48
12.1177	303.709
12.1294	303.778
12.1323	304.088
12.1353	304.396
12.1441	304.544
12.1561	304.604
12.1681	304.663
12.1772	304.803
12.2101	304.291
12.2523	303.53
12.2884	302.94
12.3153	302.6
12.3269	302.672
12.3299	302.974
12.3329	303.276
12.3418	303.42
12.3506	303.566
12.3743	303.312
12.3833	303.452
12.3862	303.756
12.4071	303.577
12.4131	303.797
12.4338	303.624
12.4488	303.604
12.4604	303.674
12.4694	303.813
12.4847	303.784
12.509	303.517
12.5119	303.817
12.5207	303.96
12.5237	304.257
12.5387	304.236
12.5595	304.062
12.5713	304.125
12.5744	304.418
12.5922	304.323
12.5953	304.616
12.6013	304.831
12.6314	304.412
12.6343	304.709
12.6822	303.825
12.7001	303.729
12.7032	304.019
12.7122	304.155
12.7152	304.447
12.7271	304.507
12.7302	304.796
12.7331	305.09
12.7392	305.301
12.7602	305.122
12.7719	305.186
12.7808	305.323
12.7927	305.381
12.7986	305.596
12.8229	305.332
12.8703	304.473
12.8794	304.604
12.8852	304.819
12.9152	304.413
12.9304	304.387
12.9393	304.522
12.969	304.126
12.972	304.412
12.9779	304.624
12.9899	304.679
13.0559	303.364
13.0617	303.577
13.0706	303.712
13.0913	303.548
13.1001	303.685
13.1246	303.427
13.1306	303.634
13.1454	303.619
13.166	303.46
13.169	303.741
13.1779	303.874
13.184	304.078
