1.08418	0
1.13498	80.4619
1.16209	106.931
1.18673	122.914
1.19556	151.221
1.20169	179.402
1.20763	205.161
1.22254	214.088
1.23762	221.071
1.24067	243.945
1.2497	256.517
1.25266	277.295
1.2557	297.231
1.2676	301.433
1.27645	309.9
1.27941	327.075
1.28865	333.333
1.29462	344.255
1.30052	354.696
1.3245	337.486
1.35434	316.426
1.36046	324.963
1.36625	333.52
1.39363	318.115
1.39946	325.864
1.43552	304.887
1.4415	311.818
1.44443	321.198
1.47155	309.947
1.47451	318.6
1.49552	312.87
1.50435	316.551
1.51953	315.444
1.54331	308.558
1.54628	315.878
1.60593	288.198
1.61202	293.03
1.63909	286.554
1.65721	285.04
1.66611	288.089
1.66941	293.818
1.68156	295.067
1.71521	286.219
1.74162	281.314
1.74462	286.554
1.75976	286.527
1.79249	279.415
1.79548	284.294
1.79843	289.149
1.81019	290.41
1.82213	291.561
1.83095	293.893
1.83404	298.426
1.84011	301.732
1.86125	299.092
1.88205	296.718
1.88507	300.978
1.88822	305.157
1.90032	305.923
1.94541	294.959
1.98455	286.961
1.98744	290.813
1.99039	294.621
2.00233	295.492
2.01697	295.486
2.02282	298.238
2.03479	299.025
2.06464	294.341
2.06757	297.846
2.09689	293.501
2.10292	295.998
2.11489	296.749
2.15692	289.17
2.16304	291.528
2.19933	285.929
2.20536	288.238
2.20827	291.327
2.21707	292.874
2.23785	291.347
2.24077	294.339
2.26138	292.859
2.27907	292.14
2.29074	292.893
2.29678	294.992
2.32061	292.806
2.32352	295.597
2.32944	297.657
2.40076	284.842
2.41858	284.276
2.43327	284.383
2.43641	286.912
2.43933	289.476
2.45721	288.854
2.47543	288.178
2.47834	290.67
2.49321	290.668
2.52292	287.674
2.52584	290.083
2.56779	284.803
2.57985	285.394
2.58589	287.12
2.59768	287.736
2.6006	290.026
2.6125	290.594
2.62457	291.12
2.64835	289.459
2.66963	288.301
2.67552	289.946
2.6814	291.58
2.68437	293.735
2.69612	294.272
2.71125	294.191
2.71421	296.304
2.72325	297.303
2.7474	295.587
2.75044	297.637
2.75632	299.171
2.76512	300.173
2.77124	301.642
2.81926	295.793
2.82511	297.278
2.83696	297.732
2.85209	297.628
2.86686	297.586
2.89046	296.092
2.9025	296.506
2.90545	298.395
2.91137	299.79
2.91439	301.653
2.91737	303.516
2.92028	305.385
2.93513	305.269
2.94114	306.605
2.95282	307
2.95579	308.818
2.96178	310.132
2.97049	310.989
2.97642	312.295
2.98888	312.52
3.03929	306.68
3.04517	307.962
3.12027	298.738
3.12327	300.414
3.15933	297.28
3.18606	295.557
3.19203	296.768
3.20137	297.498
3.20435	299.115
3.21643	299.446
3.21933	301.061
3.22246	302.638
3.23465	302.931
3.24061	304.096
3.25265	304.399
3.25583	305.941
3.25875	307.514
3.27062	307.82
3.30325	305.244
3.30622	306.778
3.3393	304.197
3.36009	303.318
3.42291	297.025
3.42583	298.498
3.43478	299.198
3.44377	299.888
3.44964	300.969
3.47926	299.053
3.50925	297.138
3.53287	296.038
3.53601	297.419
3.5841	293.43
3.58712	294.801
3.60517	294.404
3.61732	294.697
3.63528	294.316
3.63828	295.66
3.64771	296.257
3.67169	295.182
3.69246	294.489
3.69837	295.474
3.71042	295.763
3.76321	291.552
3.7721	292.195
3.77523	293.459
3.79605	292.799
3.8022	293.725
3.82583	292.77
3.86756	289.936
3.87663	290.541
3.87963	291.773
3.88925	292.312
3.89226	293.536
3.89842	294.427
3.90134	295.654
3.91037	296.238
3.93681	295.008
3.95758	294.379
3.96052	295.579
3.9664	296.474
3.9693	297.672
3.98095	297.966
3.98694	298.838
3.99281	299.72
4.00786	299.655
4.01103	300.805
4.02866	300.471
4.03192	301.603
4.03488	302.764
4.04985	302.692
4.06174	302.934
4.07063	303.478
4.12192	299.78
4.12485	300.911
4.13962	300.87
4.1486	301.398
4.15165	302.505
4.16042	303.047
4.19643	300.93
4.21704	300.33
4.22882	300.579
4.23766	301.105
4.24059	302.194
4.24357	303.275
4.24653	304.356
4.24962	305.423
4.26438	305.364
4.27329	305.865
4.2886	305.752
4.29154	306.817
4.29473	307.857
4.30347	308.363
4.30947	309.128
4.32144	309.319
4.33363	309.488
4.34239	309.981
4.36019	309.616
4.36621	310.364
4.38408	309.992
4.39612	310.17
4.40227	310.896
4.4112	311.36
4.4203	311.805
4.42616	312.55
4.4498	311.639
4.47061	311
4.4827	311.165
4.49501	311.308
4.50698	311.482
4.54825	309.02
4.56915	308.407
4.57213	309.381
4.6142	306.92
4.63183	306.613
4.64089	307.046
4.64691	307.739
4.66179	307.667
4.67071	308.105
4.68913	307.73
4.69214	308.67
4.75158	304.848
4.75459	305.774
4.76632	305.973
4.78786	305.36
4.80291	305.286
4.8182	305.193
4.82113	306.109
4.87217	303.128
4.88143	303.526
4.88434	304.429
4.90227	304.131
4.90534	305.017
4.90824	305.915
4.91118	306.808
4.91416	307.696
4.92013	308.343
4.92607	308.99
4.92898	309.879
4.94994	309.317
4.95293	310.194
4.95586	311.075
4.97374	310.755
4.97961	311.396
4.98257	312.267
4.99147	312.661
5.01519	311.874
5.01825	312.729
5.02116	313.594
5.02411	314.455
5.03303	314.839
5.03605	315.69
5.04509	316.06
5.05413	316.429
5.06604	316.567
5.069	317.415
5.08425	317.285
5.09317	317.657
5.1021	318.025
5.11416	318.146
5.12917	318.033
5.13789	318.414
5.14084	319.247
5.14985	319.602
5.15858	319.977
5.17964	319.387
5.18571	319.967
5.22128	318.262
5.22418	319.082
5.22718	319.893
5.23016	320.704
5.23307	321.52
5.23605	322.329
5.2515	322.171
5.25441	322.981
5.25734	323.789
5.27837	323.196
5.29337	323.071
5.33816	320.686
5.34113	321.477
5.34694	322.052
5.38866	319.935
5.4037	319.822
5.43978	318.165
5.44273	318.941
5.45749	318.852
5.46042	319.625
5.46336	320.397
5.46668	321.139
5.47272	321.681
5.51473	319.607
5.51797	320.348
5.52988	320.461
5.57212	318.409
5.59027	318.085
5.61685	317.174
5.62291	317.702
5.63492	317.812
5.64081	318.349
5.67656	316.813
5.72711	314.295
5.73317	314.815
5.73907	315.343
5.75404	315.258
5.7785	314.536
5.78773	314.837
5.79068	315.557
5.81454	314.879
5.83534	314.41
5.85316	314.141
5.86513	314.258
5.90622	312.477
5.91822	312.595
5.92129	313.289
5.93014	313.608
5.94788	313.353
5.97158	312.718
6.03747	309.432
6.05241	309.371
6.05827	309.875
6.06419	310.373
6.07617	310.494
6.08218	310.985
6.08508	311.668
6.10288	311.423
6.1119	311.724
6.13265	311.298
6.15929	310.516
6.16534	310.996
6.19255	310.186
6.19554	310.849
6.20437	311.157
6.21633	311.273
6.23426	311.028
6.2432	311.327
6.25519	311.44
6.26709	311.558
6.28517	311.306
6.29742	311.403
6.31535	311.162
6.3183	311.812
6.33677	311.538
6.36902	310.455
6.38077	310.581
6.38375	311.222
6.38674	311.86
6.39622	312.117
6.40233	312.57
6.4145	312.667
6.41748	313.302
6.42061	313.928
6.43896	313.659
6.45988	313.242
6.47489	313.171
6.48118	313.606
6.49602	313.545
6.50208	313.991
6.52012	313.744
6.52934	314.006
6.5355	314.443
6.5384	315.068
6.55343	314.992
6.56241	315.264
6.58023	315.028
6.59226	315.124
6.59816	315.57
6.61299	315.505
6.61595	316.117
6.63698	315.698
6.64294	316.136
6.65171	316.414
6.65766	316.851
6.66349	317.294
6.67564	317.377
6.74429	314.293
6.77697	313.248
6.77989	313.846
6.79174	313.951
6.80062	314.219
6.80351	314.815
6.80651	315.404
6.82132	315.343
6.85414	314.299
6.87194	314.079
6.87483	314.668
6.88373	314.93
6.88965	315.352
6.90156	315.449
6.90766	315.86
6.94056	314.824
6.96772	314.105
6.97065	314.683
6.97364	315.256
6.97959	315.671
6.98253	316.245
7.02142	314.902
7.03023	315.162
7.04526	315.092
7.04823	315.659
7.07495	314.973
7.09561	314.609
7.10156	315.016
7.11042	315.269
7.13124	314.898
7.13729	315.297
7.14641	315.535
7.14934	316.095
7.18485	314.964
7.1968	315.055
7.22084	314.525
7.22382	315.075
7.23262	315.327
7.2386	315.722
7.2478	315.952
7.28097	314.958
7.30165	314.606
7.31063	314.846
7.31364	315.387
7.32875	315.315
7.34361	315.257
7.34945	315.652
7.35534	316.045
7.36713	316.139
7.3763	316.365
7.38545	316.591
7.38835	317.13
7.39729	317.365
7.44534	315.648
7.48402	314.416
7.50491	314.066
7.51085	314.448
7.51675	314.831
7.52282	315.205
7.55566	314.273
7.5768	313.915
7.59206	313.843
7.62185	313.074
7.62783	313.448
7.63074	313.968
7.63364	314.489
7.63953	314.865
7.65451	314.805
7.66346	315.033
7.69614	314.13
7.70494	314.364
7.71998	314.303
7.73172	314.398
7.73465	314.909
7.7555	314.572
7.79506	313.362
7.80093	313.731
7.80383	314.238
7.80974	314.604
7.83356	314.134
7.86353	313.383
7.86655	313.88
7.89321	313.286
7.89919	313.645
7.90802	313.872
7.9171	314.087
7.92349	314.425
7.975	312.702
7.99849	312.265
8.01047	312.349
8.01338	312.841
8.0194	313.192
8.05773	312.09
8.06681	312.303
8.07282	312.653
8.11157	311.544
8.1268	311.483
8.13275	311.833
8.15925	311.276
8.17088	311.375
8.18283	311.459
8.19168	311.679
8.19789	312.014
8.20382	312.361
8.20978	312.706
8.21892	312.911
8.24281	312.47
8.26093	312.283
8.279	312.099
8.28801	312.309
8.30588	312.134
8.3119	312.472
8.35113	311.38
8.36311	311.461
8.38122	311.28
8.38411	311.748
8.4082	311.313
8.41699	311.529
8.42586	311.741
8.44959	311.323
8.46177	311.394
8.47073	311.601
8.49122	311.323
8.521	310.657
8.53296	310.738
8.53891	311.07
8.55948	310.792
8.56884	310.98
8.57175	311.436
8.57486	311.883
8.58075	312.214
8.58686	312.536
8.62516	311.522
8.6281	311.973
8.63416	312.295
8.64325	312.49
8.65825	312.442
8.673	312.404
8.68212	312.597
8.69416	312.671
8.69727	313.11
8.70632	313.305
8.70929	313.749
8.71522	314.072
8.76303	312.679
8.76887	313.004
8.7898	312.714
8.81695	312.175
8.87627	310.354
8.87941	310.783
8.88522	311.105
8.90022	311.06
8.90319	311.495
8.92118	311.331
8.92724	311.641
8.93311	311.958
8.94492	312.039
8.96574	311.763
8.98982	311.36
8.99925	311.535
9.02866	310.926
9.03456	311.238
9.05557	310.96
9.0585	311.387
9.07336	311.349
9.07637	311.772
9.15158	309.402
9.16044	309.597
9.16644	309.901
9.19634	309.292
9.19926	309.713
9.2022	310.133
9.20522	310.549
9.22633	310.275
9.23236	310.575
9.2565	310.187
9.27743	309.921
9.28334	310.225
9.28624	310.642
9.35801	308.47
9.38783	307.883
9.42628	306.982
9.42924	307.39
9.44416	307.359
9.46519	307.103
9.49465	306.541
9.49756	306.948
9.50056	307.352
9.5216	307.098
9.55728	306.315
9.60485	305.112
9.6197	305.087
9.62581	305.375
9.63482	305.558
9.64082	305.849
9.64679	306.14
9.70008	304.748
9.70301	305.146
9.73589	304.485
9.74177	304.778
9.75071	304.962
9.76839	304.838
9.77738	305.02
9.78341	305.305
9.79227	305.49
9.80124	305.671
9.80428	306.06
9.80731	306.449
9.81629	306.629
9.81944	307.012
9.82563	307.289
9.82865	307.677
9.87616	306.506
9.8821	306.79
9.88505	307.178
9.90289	307.046
9.91763	307.023
9.93252	306.995
9.94501	307.049
9.94795	307.435
9.97157	307.104
9.97471	307.481
9.99255	307.35
10.0223	306.811
10.049	306.379
10.0728	306.049
10.0818	306.223
10.0877	306.502
10.0969	306.668
10.0998	307.049
10.106	307.316
10.1238	307.189
10.1414	307.069
10.1503	307.244
10.1621	307.321
10.1949	306.689
10.1978	307.065
10.2037	307.34
10.2102	307.594
10.2161	307.868
10.219	308.244
10.2459	307.81
10.2547	307.986
10.2577	308.356
10.2871	307.84
10.3498	306.224
10.3558	306.492
10.3829	306.063
10.3948	306.136
10.3978	306.501
10.4008	306.866
10.4097	307.036
10.4276	306.91
10.4337	307.172
10.4545	306.951
10.4693	306.928
10.4991	306.415
10.5108	306.493
10.5167	306.759
