1.0588	0
1.06179	733.447
1.09184	240.401
1.10686	254.317
1.10975	320.891
1.11575	360.902
1.13079	346.108
1.15168	315.724
1.15463	350.046
1.16345	361.506
1.17237	370.911
1.21369	301.16
1.21975	316.387
1.22272	336.65
1.2346	338.444
1.2527	329.268
1.2702	322.538
1.28224	324.468
1.29108	330.64
1.29708	340.327
1.3123	336.973
1.33054	330.323
1.35099	322.071
1.38729	299.828
1.39938	301.852
1.40231	311.769
1.42593	303.543
1.46523	284.953
1.47125	291.224
1.48036	295.151
1.50734	287.081
1.52216	287.222
1.5515	278.935
1.58995	266.941
1.60168	269.119
1.62232	266.94
1.66052	257.219
1.66343	263.098
1.69942	255.097
1.70249	260.567
1.70562	265.961
1.72099	266.31
1.736	266.784
1.73895	271.957
1.75958	270.123
1.79242	263.944
1.81041	263.376
1.81351	268.001
1.81961	271.517
1.84661	267.709
1.85561	270.098
1.88262	266.499
1.88853	269.796
1.90321	270.22
1.91192	272.517
1.915	276.569
1.9419	273.047
1.9568	273.327
1.97465	272.718
1.97756	276.544
1.98968	277.581
2.00179	278.595
2.07959	261.642
2.08846	263.578
2.09444	266.22
2.09743	269.603
2.10358	272.144
2.13618	267.931
2.14506	269.712
2.18045	265.066
2.18936	266.794
2.21018	265.724
2.25155	260.143
2.2634	261.168
2.28445	260.209
2.32299	255.704
2.32601	258.497
2.329	261.283
2.34072	262.262
2.35557	262.59
2.41528	254.234
2.43303	254.094
2.44205	255.557
2.44787	257.592
2.46566	257.406
2.48362	257.193
2.49835	257.562
2.51051	258.379
2.51641	260.293
2.52515	261.685
2.54573	260.969
2.55751	261.799
2.57538	261.563
2.57838	263.885
2.5842	265.707
2.59308	266.982
2.59896	268.765
2.60814	269.958
2.61709	271.178
2.62308	272.898
2.63817	273.025
2.64405	274.735
2.64696	276.947
2.6499	279.147
2.68858	275.179
2.69747	276.321
2.70343	277.943
2.72427	277.061
2.73043	278.621
2.73963	279.665
2.75146	280.261
2.78173	277.849
2.79656	277.964
2.82321	276.216
2.83498	276.817
2.84684	277.396
2.85856	277.989
2.86439	279.482
2.88827	278.197
2.9092	277.386
2.9211	277.933
2.92401	279.812
2.93288	280.791
2.93595	282.631
2.94492	283.576
2.96307	283.142
2.96897	284.527
2.97815	285.416
2.98112	287.219
2.98698	288.585
2.99005	290.36
3.00469	290.396
3.01082	291.695
3.05553	287.333
3.0825	285.641
3.0854	287.361
3.10579	286.611
3.11493	287.436
3.12084	288.706
3.16545	284.648
3.22195	279.218
3.22486	280.835
3.25421	279.051
3.27262	278.682
3.28458	279.125
3.28756	280.688
3.31151	279.623
3.31444	281.173
3.33526	280.5
3.35017	280.56
3.37088	279.916
3.38576	279.982
3.38866	281.486
3.39163	282.978
3.4008	283.714
3.41888	283.371
3.43101	283.743
3.43394	285.21
3.43703	286.654
3.44592	287.395
3.46398	287.034
3.467	288.466
3.47618	289.157
3.48512	289.871
3.53342	285.963
3.54239	286.669
3.54832	287.72
3.55131	289.107
3.56336	289.44
3.587	288.444
3.63717	284.511
3.64316	285.522
3.65509	285.874
3.65806	287.208
3.66112	288.528
3.66701	289.532
3.7178	285.631
3.72672	286.294
3.72962	287.599
3.75361	286.643
3.75951	287.615
3.77465	287.603
3.7776	288.878
3.78049	290.157
3.79538	290.157
3.80726	290.475
3.8135	291.384
3.86762	287.312
3.88551	287.022
3.88848	288.246
3.95151	283.464
3.97233	282.921
3.97817	283.834
3.99643	283.541
4.00868	283.827
4.01746	284.445
4.02058	285.602
4.0567	283.604
4.06861	283.917
4.11888	280.668
4.13975	280.169
4.14268	281.303
4.14852	282.169
4.15734	282.759
4.17847	282.229
4.20221	281.473
4.24061	279.435
4.2678	278.415
4.28255	278.481
4.31845	276.741
4.32737	277.307
4.3303	278.378
4.36622	276.662
4.41965	273.552
4.47634	270.281
4.48548	270.82
4.52712	268.816
4.53591	269.379
4.56267	268.555
4.56562	269.56
4.58055	269.644
4.59285	269.927
4.59609	270.901
4.63175	269.407
4.64054	269.952
4.64964	270.47
4.67368	269.867
4.68545	270.182
4.69141	270.928
4.69461	271.877
4.69751	272.846
4.71813	272.49
4.78953	268.436
4.79244	269.383
4.79538	270.326
4.80162	271.029
4.83429	269.829
4.84021	270.549
4.86434	269.969
4.903	268.379
4.93253	267.449
4.94717	267.553
4.96181	267.656
4.96478	268.558
4.97659	268.851
4.97969	269.739
4.98261	270.639
4.99445	270.922
5.00324	271.413
5.00914	272.101
5.02674	271.983
5.04774	271.634
5.06257	271.707
5.08055	271.566
5.10116	271.251
5.12245	270.893
5.14297	270.59
5.15802	270.65
5.1789	270.327
5.19058	270.609
5.26605	266.784
5.30186	265.551
5.31071	266.014
5.35772	264.111
5.3817	263.646
5.39362	263.917
5.43228	262.573
5.4382	263.204
5.44737	263.638
5.45332	264.264
5.45928	264.887
5.4711	265.157
5.47697	265.782
5.48305	266.393
5.5276	264.705
5.53352	265.32
5.5396	265.923
5.58113	264.437
5.59025	264.858
5.599	265.299
5.65582	262.961
5.65872	263.734
5.69144	262.804
5.69437	263.57
5.70643	263.815
5.71229	264.411
5.72112	264.836
5.72721	265.416
5.74206	265.497
5.74801	266.081
5.75093	266.835
5.75385	267.589
5.76603	267.814
5.77219	268.38
5.78408	268.619
5.79287	269.033
5.7958	269.778
5.79872	270.523
5.81634	270.429
5.83416	270.324
5.86392	269.55
5.87281	269.949
5.88203	270.328
5.89376	270.566
5.92439	269.751
5.93028	270.311
5.93327	271.031
5.96614	270.097
5.97502	270.487
5.97798	271.202
5.99879	270.935
6.00759	271.326
6.01654	271.707
6.01958	272.411
6.03736	272.306
6.04319	272.854
6.05218	273.227
6.05529	273.921
6.05821	274.625
6.07309	274.672
6.09737	274.206
6.11252	274.239
6.12145	274.608
6.13651	274.644
6.14537	275.015
6.17788	274.113
6.18078	274.801
6.20145	274.536
6.21327	274.745
6.22831	274.781
6.23445	275.289
6.23747	275.963
6.24623	276.329
6.24924	277.001
6.25215	277.677
6.25507	278.352
6.32061	275.707
6.33559	275.743
6.33853	276.408
6.36587	275.798
6.38349	275.697
6.40132	275.585
6.41025	275.933
6.42499	275.98
6.43081	276.485
6.44889	276.359
6.45497	276.848
6.46378	277.195
6.46679	277.84
6.47289	278.324
6.47896	278.809
6.56408	275.285
6.58247	275.151
6.58541	275.786
6.58833	276.421
6.59751	276.743
6.61852	276.474
6.62743	276.807
6.63921	276.997
6.66317	276.584
6.68705	276.178
6.69306	276.65
6.69907	277.121
6.70802	277.446
6.71114	278.057
6.71405	278.678
6.73498	278.411
6.75	278.436
6.76169	278.622
6.77395	278.78
6.78293	279.098
6.79788	279.123
6.80389	279.583
6.8068	280.193
6.82492	280.061
6.83389	280.374
6.87523	279.125
6.89016	279.151
6.89919	279.459
6.95296	277.643
6.9741	277.382
6.97707	277.972
6.99496	277.862
7.02231	277.312
7.0432	277.066
7.0463	277.644
7.05823	277.812
7.08481	277.304
7.09668	277.474
7.11441	277.375
7.12613	277.551
7.14097	277.584
7.14981	277.891
7.19776	276.424
7.20955	276.597
7.23302	276.245
7.23603	276.81
7.24197	277.242
7.26597	276.866
7.26901	277.426
7.27501	277.853
7.2991	277.473
7.31674	277.381
7.32854	277.548
7.39971	275.115
7.40866	275.408
7.41187	275.948
7.45092	274.939
7.47164	274.724
7.4893	274.642
7.49514	275.064
7.50417	275.348
7.51018	275.761
7.52782	275.677
7.53661	275.97
7.53962	276.508
7.54861	276.79
7.55153	277.331
7.55453	277.868
7.5576	278.401
7.56051	278.941
7.59008	278.339
7.59914	278.614
7.61408	278.638
7.62022	279.036
7.63547	279.046
7.64459	279.315
7.68052	278.452
7.69569	278.467
7.71379	278.358
7.72866	278.386
7.7347	278.781
7.74073	279.175
7.74374	279.696
7.74681	280.213
7.7558	280.482
7.79147	279.638
7.79764	280.023
7.83353	279.177
7.83961	279.564
7.84259	280.078
7.84553	280.593
7.84846	281.108
7.85158	281.614
7.87258	281.38
7.88159	281.642
7.89654	281.658
7.90242	282.047
7.91423	282.191
7.91712	282.702
7.92007	283.21
7.94437	282.838
7.94744	283.339
7.95039	283.844
7.95667	284.212
7.96545	284.476
8.00722	283.388
8.02205	283.405
8.0311	283.656
8.05187	283.432
8.08222	282.822
8.08519	283.317
8.09985	283.341
8.10276	283.837
8.13568	283.127
8.15067	283.138
8.17137	282.922
8.18636	282.933
8.19522	283.187
8.21015	283.199
8.25167	282.166
8.25791	282.521
8.26087	283.005
8.31715	281.406
8.32015	281.885
8.33224	282.01
8.34411	282.143
8.34997	282.509
8.37069	282.299
8.37657	282.663
8.39751	282.445
8.40043	282.921
8.40335	283.396
8.4269	283.077
8.43294	283.431
8.44496	283.554
8.45084	283.913
8.47806	283.454
8.52245	282.347
8.57263	281.037
8.58151	281.28
8.58454	281.74
8.58749	282.203
8.62024	281.553
8.63517	281.568
8.6794	280.501
8.69122	280.633
8.69728	280.975
8.70612	281.215
8.72972	280.914
8.73868	281.148
8.75639	281.063
8.76239	281.404
8.77129	281.64
8.79194	281.446
8.79794	281.786
8.80404	282.122
8.81313	282.348
8.83675	282.046
8.84563	282.279
8.87879	281.635
8.89402	281.639
8.89706	282.081
8.90296	282.419
8.91174	282.653
8.91772	282.988
8.9324	283.009
8.9353	283.453
8.94737	283.567
8.95028	284.01
8.96238	284.121
8.96532	284.562
9.00733	283.602
9.01947	283.712
9.05226	283.089
9.05864	283.403
9.06738	283.633
9.07615	283.861
9.07905	284.297
9.10238	284.01
9.10838	284.335
9.12029	284.451
9.12322	284.883
9.13214	285.103
9.13821	285.423
9.1654	284.999
9.17427	285.22
9.18924	285.226
9.19831	285.439
9.20127	285.865
9.21331	285.973
9.21626	286.399
9.22233	286.715
9.23441	286.82
9.24974	286.811
9.27379	286.497
9.28865	286.505
9.32138	285.893
9.33618	285.903
9.34822	286.009
9.39005	285.092
9.40193	285.204
9.42278	285.009
9.44946	284.618
9.45265	285.025
9.45853	285.339
9.49102	284.752
9.50283	284.866
9.52981	284.468
9.53595	284.772
9.54487	284.982
9.55692	285.086
9.55986	285.495
9.56878	285.704
9.5956	285.312
9.59859	285.718
9.61062	285.821
9.63119	285.639
9.63427	286.04
9.66119	285.648
9.66728	285.947
9.68516	285.855
9.69109	286.159
9.69986	286.369
9.70925	286.557
9.71814	286.762
9.72731	286.957
9.73021	287.359
9.74197	287.467
9.79582	286.19
9.81372	286.099
9.83169	286.005
9.83477	286.397
9.84951	286.408
9.85847	286.607
9.87028	286.713
9.87634	287.006
9.88508	287.211
9.88799	287.606
9.894	287.899
9.91794	287.609
9.92105	287.995
9.93014	288.187
9.94789	288.097
9.96	288.191
9.97492	288.193
10.0201	287.223
10.026	287.515
10.0321	287.801
10.035	288.189
10.0468	288.291
10.0527	288.583
10.0585	288.877
10.0763	288.785
10.0856	288.966
10.0915	289.256
10.1331	288.406
10.1424	288.586
10.1512	288.782
10.1814	288.3
10.1903	288.492
10.2319	287.655
10.2409	287.843
10.2556	287.853
10.2617	288.131
10.2766	288.134
10.2915	288.137
10.3034	288.234
10.3124	288.42
10.3182	288.706
10.3687	287.604
10.3863	287.525
10.4041	287.439
10.413	287.628
10.4191	287.902
10.4426	287.641
10.4456	288.009
10.4661	287.841
10.4749	288.031
10.5017	287.671
10.5167	287.671
10.5409	287.393
10.5438	287.76
10.5618	287.67
10.5737	287.764
10.6067	287.222
10.6155	287.41
10.6184	287.774
10.6215	288.132
10.6304	288.316
10.6364	288.586
10.6542	288.501
10.6818	288.123
10.7002	288.021
10.7089	288.209
10.7269	288.119
10.7451	288.024
10.7571	288.113
10.7691	288.202
10.781	288.293
10.784	288.648
10.7929	288.828
10.7988	289.097
10.8108	289.184
10.8201	289.351
10.8439	289.089
10.8744	288.631
10.8921	288.55
10.895	288.904
10.9188	288.645
10.9218	288.995
10.9247	289.348
10.9306	289.613
10.9484	289.528
10.9604	289.614
10.9666	289.869
10.9695	290.219
11.0059	289.592
11.0418	288.983
11.0506	289.161
11.0535	289.509
11.0565	289.855
11.0654	290.028
11.0776	290.106
11.1014	289.849
11.125	289.599
11.1486	289.35
11.1516	289.692
11.1634	289.781
11.1751	289.873
11.1874	289.947
11.1936	290.196
11.2028	290.359
11.2091	290.604
11.2268	290.523
11.248	290.343
11.2568	290.516
11.2685	290.606
11.2714	290.946
11.2773	291.201
11.2803	291.538
11.2832	291.878
11.2862	292.214
11.3191	291.698
11.325	291.952
11.3674	291.17
11.3853	291.084
11.3884	291.414
11.4034	291.41
11.4154	291.489
11.4184	291.821
11.4423	291.566
11.4542	291.648
11.4785	291.382
11.4906	291.458
11.5084	291.375
11.5319	291.134
11.55	291.044
11.562	291.122
11.5678	291.373
11.6032	290.804
11.6271	290.555
11.6568	290.149
11.6718	290.146
11.6748	290.471
11.6866	290.555
11.696	290.704
11.7079	290.785
11.7138	291.029
11.7316	290.949
11.7346	291.271
11.75	291.256
11.7558	291.502
11.7773	291.32
11.7805	291.636
11.7928	291.704
11.7957	292.028
11.7987	292.348
11.8017	292.669
11.8105	292.831
11.8136	293.148
11.8258	293.217
11.8348	293.373
11.8438	293.529
11.8555	293.611
11.8585	293.929
11.8645	294.166
11.8796	294.154
11.8855	294.393
11.8915	294.629
11.9094	294.541
11.9182	294.7
11.9211	295.019
11.9365	294.998
11.9394	295.317
11.9426	295.627
