1.07902	0
1.08481	497.123
1.12577	174.018
1.16673	143.031
1.20769	131.337
1.24865	125.196
1.28961	121.411
1.33057	118.845
1.37153	116.99
1.41249	115.587
1.45345	114.489
1.49441	113.605
1.53537	112.88
1.57633	112.273
1.61729	111.758
1.65825	111.315
1.69921	110.931
1.74017	110.594
1.78113	110.296
1.82209	110.031
1.86305	109.794
1.90401	109.58
1.94497	109.386
1.98593	109.21
2.02689	109.048
2.06785	108.901
2.10881	108.764
2.14977	108.639
2.19073	108.522
2.23169	108.414
2.27265	108.313
2.31361	108.219
2.35457	108.131
2.39553	108.048
2.43649	107.971
2.47745	107.897
2.51841	107.829
2.55937	107.763
2.60033	107.702
2.64129	107.643
2.68225	107.588
2.72321	107.535
2.76417	107.485
2.80513	107.437
2.84609	107.392
2.88705	107.348
2.92801	107.307
2.96897	107.267
3.00993	107.229
3.05089	107.192
3.09185	107.157
3.13281	107.124
3.17377	107.091
3.21473	107.06
3.25569	107.03
3.29665	107.001
3.33761	106.974
3.37857	106.947
3.41953	106.921
3.46049	106.896
3.50145	106.872
3.54241	106.849
3.58337	106.826
3.62433	106.804
3.66529	106.783
3.70625	106.763
3.74721	106.743
3.78817	106.724
3.82913	106.705
3.87009	106.687
3.91105	106.669
3.95201	106.652
3.99297	106.636
4.03393	106.619
4.07489	106.604
4.11585	106.588
4.15681	106.574
4.19777	106.559
4.23873	106.545
4.27969	106.531
4.32065	106.518
4.36161	106.505
4.40257	106.492
4.44353	106.479
4.48449	106.467
4.52545	106.455
4.56641	106.444
4.60737	106.433
4.64833	106.422
4.68929	106.411
4.73025	106.4
4.77121	106.39
4.81217	106.38
4.85313	106.37
4.89409	106.36
4.93505	106.351
4.97601	106.341
5.01697	106.332
5.05793	106.324
5.09889	106.315
5.13985	106.306
5.18081	106.298
5.22177	106.29
5.26273	106.282
5.30369	106.274
5.34465	106.266
5.38561	106.259
5.42657	106.251
5.46753	106.244
5.50849	106.237
5.54945	106.23
5.59041	106.223
5.63137	106.216
5.67233	106.209
5.71329	106.203
5.75425	106.196
5.79521	106.19
5.83617	106.184
5.87713	106.178
5.91809	106.172
5.95905	106.166
6.00001	106.16
6.04097	106.154
6.08193	106.149
6.12289	106.143
6.16385	106.138
6.20481	106.132
6.24577	106.127
6.28673	106.122
6.32769	106.117
6.36865	106.112
6.40961	106.107
6.45057	106.102
6.49153	106.097
6.53249	106.093
6.57345	106.088
6.61441	106.083
6.65537	106.079
6.69633	106.074
6.73729	106.07
6.77825	106.066
6.81921	106.061
6.86017	106.057
6.90113	106.053
6.94209	106.049
6.98305	106.045
7.02401	106.041
7.06497	106.037
7.10593	106.033
7.14689	106.029
7.18785	106.026
7.22881	106.022
7.26977	106.018
7.31073	106.015
7.35169	106.011
7.39265	106.008
7.43361	106.004
7.47457	106.001
7.51553	105.997
7.55649	105.994
7.59745	105.991
7.63841	105.987
7.67937	105.984
7.72033	105.981
7.76129	105.978
7.80225	105.975
7.84321	105.972
7.88417	105.969
7.92513	105.966
7.96609	105.963
8.00705	105.96
8.04801	105.957
8.08897	105.954
8.12993	105.951
8.17089	105.948
8.21185	105.946
8.25281	105.943
8.29377	105.94
8.33473	105.938
8.37569	105.935
8.41665	105.932
8.45761	105.93
8.49857	105.927
8.53953	105.925
8.58049	105.922
8.62145	105.92
8.66241	105.917
8.70337	105.915
8.74433	105.913
8.78529	105.91
8.82625	105.908
8.86721	105.906
8.90817	105.903
8.94913	105.901
8.99009	105.899
9.03105	105.897
9.07201	105.894
9.11297	105.892
9.15393	105.89
9.19489	105.888
9.23585	105.886
9.27681	105.884
9.31777	105.882
9.35873	105.88
9.39969	105.878
9.44065	105.876
9.48161	105.874
9.52257	105.872
9.56353	105.87
9.60449	105.868
9.64545	105.866
9.68641	105.864
9.72737	105.862
9.76833	105.86
9.80929	105.858
9.85025	105.857
9.89121	105.855
9.93217	105.853
9.97313	105.851
