1.05699	0
1.05998	734.694
1.07486	416.185
1.0838	436.364
1.09267	448.017
1.12827	291.223
1.13123	336.056
1.13721	363.855
1.14903	364.058
1.15495	385.523
1.17628	353.577
1.20591	313.023
1.25932	252.607
1.28022	248.364
1.28612	260.667
1.28906	275.792
1.30097	279.985
1.30388	294.019
1.31568	297.27
1.31861	310.31
1.39051	256.829
1.39345	267.335
1.40835	268.285
1.4262	267.025
1.43513	272.105
1.44422	276.838
1.44712	285.787
1.46232	285.728
1.47772	285.539
1.49275	285.604
1.49874	291.472
1.50471	297.197
1.53707	286.229
1.53998	293.406
1.55516	293.139
1.58803	283.183
1.59696	286.483
1.63914	273.212
1.64505	277.79
1.65988	278.121
1.66883	281.099
1.67764	284.056
1.6835	288.275
1.69837	288.326
1.71595	287.195
1.74295	282.209
1.74585	287.271
1.76955	283.793
1.86759	254.902
1.88233	255.581
1.91792	250.052
1.92392	253.294
1.93569	254.812
1.93878	258.805
1.94198	262.738
1.94788	265.837
1.95081	269.786
1.96279	270.984
1.97178	273.036
1.98051	275.127
1.98656	277.974
2.00727	276.467
2.01016	280.15
2.01614	282.899
2.02506	284.749
2.03682	285.738
2.04885	286.625
2.06405	286.588
2.06993	289.182
2.09364	286.742
2.09654	290.089
2.10553	291.717
2.11735	292.537
2.12623	294.143
2.14691	292.53
2.14982	295.696
2.15575	298.026
2.16156	300.363
2.16446	303.469
2.20286	297.086
2.24462	290.293
2.25362	291.717
2.27142	291
2.27438	293.834
2.27733	296.657
2.28913	297.321
2.29202	300.116
2.29805	302.134
2.31585	301.296
2.32473	302.59
2.32777	305.26
2.34898	303.596
2.38182	299.34
2.38771	301.257
2.42037	297.218
2.42621	299.101
2.42911	301.612
2.44378	301.537
2.44969	303.356
2.45562	305.154
2.45863	307.576
2.4822	305.525
2.49998	304.756
2.51765	304.028
2.53259	303.878
2.55374	302.473
2.58368	299.376
2.58696	301.554
2.61951	298.043
2.6283	299.123
2.63441	300.7
2.64632	301.164
2.65216	302.767
2.66133	303.728
2.69133	300.801
2.71815	298.549
2.7301	298.998
2.78073	292.732
2.78374	294.72
2.79555	295.202
2.79852	297.176
2.82838	294.61
2.85528	292.608
2.8736	292.036
2.88824	292.061
2.89431	293.445
2.89723	295.324
2.93566	291.588
2.94449	292.511
2.95056	293.853
2.97143	292.907
2.98943	292.415
2.99534	293.75
3.01313	293.288
3.01606	295.052
3.02488	295.923
3.03382	296.769
3.0397	298.066
3.04566	299.343
3.06072	299.249
3.06373	300.951
3.08156	300.435
3.09339	300.811
3.13798	296.447
3.14095	298.095
3.15594	298.025
3.18899	295.434
3.19495	296.63
3.20683	297
3.21299	298.153
3.2454	295.715
3.30805	289.412
3.32005	289.786
3.33797	289.404
3.34377	290.557
3.34964	291.696
3.37318	290.598
3.37612	292.091
3.37946	293.529
3.38826	294.273
3.3942	295.372
3.39712	296.848
3.40002	298.322
3.40941	298.967
3.41234	300.427
3.42441	300.72
3.43922	300.664
3.44506	301.737
3.44798	303.173
3.4775	301.263
3.48935	301.571
3.49228	302.98
3.51025	302.522
3.5162	303.546
3.51911	304.94
3.54611	303.37
3.54905	304.744
3.55845	305.325
3.56767	305.923
3.57063	307.28
3.59131	306.478
3.59431	307.817
3.59724	309.161
3.60922	309.402
3.62418	309.282
3.66584	306.003
3.66889	307.298
3.67779	307.902
3.68387	308.833
3.73831	304.179
3.74148	305.428
3.74438	306.704
3.7594	306.598
3.78919	304.838
3.8012	305.078
3.80411	306.326
3.81302	306.903
3.82496	307.139
3.84891	306.053
3.864	305.947
3.88218	305.508
3.89426	305.729
3.97172	299.093
3.97753	299.976
3.99235	299.934
4.03078	297.513
4.04881	297.164
4.06067	297.429
4.07838	297.115
4.09331	297.077
4.10263	297.586
4.13558	295.806
4.16524	294.374
4.17719	294.631
4.1831	295.455
4.19496	295.715
4.21243	295.447
4.21541	296.535
4.22434	297.063
4.23622	297.311
4.23919	298.39
4.24227	299.457
4.25721	299.409
4.26012	300.485
4.27195	300.723
4.27493	301.786
4.27787	302.85
4.28085	303.91
4.28382	304.968
4.28686	306.017
4.34721	301.721
4.36858	301.079
4.413	298.383
4.44636	296.723
4.4821	294.889
4.48528	295.875
4.49124	296.619
4.49424	297.616
4.50006	298.367
4.50299	299.366
4.50593	300.362
4.51775	300.585
4.53864	300.022
4.54158	301.008
4.54451	301.993
4.57681	300.451
4.60084	299.633
4.60387	300.594
4.60694	301.55
4.61862	301.774
4.64834	300.481
4.66623	300.189
4.67789	300.415
4.68381	301.115
4.69861	301.078
4.71037	301.291
4.71659	301.959
4.72838	302.165
4.74916	301.635
4.77578	300.638
4.79077	300.588
4.79967	301.028
4.80559	301.704
4.83247	300.701
4.83537	301.613
4.85641	301.08
4.92189	297.1
4.9277	297.77
4.95152	297.058
4.95442	297.945
4.96022	298.608
4.978	298.356
4.98386	299.011
4.98991	299.649
5.00792	299.376
5.0199	299.561
5.02884	299.974
5.03813	300.359
5.05035	300.522
5.068	300.277
5.09454	299.373
5.1365	297.354
5.16903	296.054
5.17513	296.664
5.18988	296.65
5.19579	297.27
5.20784	297.448
5.21374	298.064
5.21959	298.683
5.23462	298.642
5.24058	299.249
5.27314	297.964
5.2792	298.559
5.30583	297.705
5.30872	298.518
5.357	296.172
5.39251	294.744
5.40728	294.736
5.41634	295.114
5.42221	295.707
5.43124	296.084
5.47014	294.454
5.47306	295.237
5.485	295.416
5.49113	295.982
5.49993	296.368
5.50286	297.143
5.50582	297.916
5.5089	298.68
5.53595	297.841
5.53932	298.581
5.55735	298.345
5.56324	298.913
5.56627	299.67
5.5722	300.232
5.57542	300.974
5.57849	301.725
5.63842	298.723
5.65618	298.509
5.66518	298.863
5.66815	299.607
5.67422	300.148
5.69509	299.729
5.75146	297.052
5.75744	297.593
5.76921	297.766
5.77218	298.494
5.78096	298.854
5.78397	299.577
5.79572	299.746
5.79868	300.469
5.80754	300.818
5.85224	298.916
5.85519	299.632
5.86752	299.762
5.87354	300.284
5.87657	300.991
5.90383	300.19
5.90675	300.9
5.91274	301.418
5.92161	301.756
5.94251	301.35
5.99008	299.32
6.03141	297.703
6.0492	297.508
6.05214	298.197
6.07004	297.994
6.09698	297.259
6.10591	297.588
6.12649	297.233
6.13232	297.742
6.1535	297.353
6.18052	296.628
6.1895	296.951
6.21317	296.426
6.22203	296.753
6.23104	297.071
6.23397	297.737
6.24295	298.054
6.24899	298.54
6.25487	299.033
6.27901	298.478
6.28206	299.13
6.33897	296.726
6.34195	297.376
6.34487	298.028
6.37146	297.351
6.38038	297.664
6.38623	298.147
6.39504	298.464
6.41308	298.266
6.43654	297.768
6.44551	298.074
6.44865	298.701
6.47627	297.977
6.49108	297.96
6.51528	297.43
6.53902	296.93
6.54503	297.392
6.55379	297.704
6.55965	298.172
6.56254	298.8
6.57752	298.771
6.61002	297.801
6.619	298.097
6.63395	298.073
6.65801	297.564
6.67269	297.555
6.67877	298.001
6.68767	298.298
6.69059	298.909
6.72331	297.946
6.73542	298.072
6.76515	297.276
6.76807	297.88
6.77989	298.02
6.78589	298.462
6.79481	298.751
6.82463	297.955
6.8276	298.55
6.83344	298.996
6.84553	299.118
6.86308	298.958
6.98181	293.699
6.98769	294.136
7.00248	294.131
7.02333	293.827
7.03827	293.815
7.06198	293.375
7.07688	293.366
7.07977	293.942
7.09166	294.079
7.13326	292.777
7.13623	293.345
7.13913	293.915
7.16655	293.303
7.16966	293.86
7.17562	294.28
7.17857	294.843
7.21147	293.97
7.21442	294.53
7.21755	295.081
7.22359	295.493
7.22951	295.909
7.24751	295.747
7.25353	296.156
7.27453	295.851
7.2922	295.705
7.29803	296.121
7.30392	296.533
7.34293	295.381
7.3461	295.919
7.38757	294.663
7.39659	294.925
7.40542	295.195
7.40837	295.738
7.43505	295.179
7.441	295.58
7.44995	295.842
7.45893	296.102
7.46186	296.64
7.46476	297.18
7.46783	297.711
7.49497	297.128
7.50987	297.111
7.54559	296.142
7.56048	296.128
7.58137	295.842
7.58443	296.365
7.59654	296.477
7.61734	296.195
7.62644	296.442
7.64429	296.295
7.65634	296.408
7.66827	296.527
7.67118	297.049
7.67434	297.56
7.68619	297.68
7.69209	298.066
7.73377	296.853
7.78764	295.12
7.81169	294.709
7.81476	295.214
7.83859	294.814
7.85045	294.935
7.85644	295.31
7.86246	295.684
7.88038	295.54
7.9132	294.756
7.91914	295.13
7.92207	295.633
7.94335	295.347
7.97331	294.693
7.97926	295.063
7.98828	295.302
8.01532	294.776
8.02417	295.021
8.03002	295.393
8.04508	295.375
8.06569	295.123
8.07472	295.359
8.07764	295.851
8.08655	296.09
8.11331	295.58
8.11622	296.07
8.13117	296.055
8.22774	292.672
8.23663	292.911
8.24257	293.27
8.2455	293.751
8.25436	293.989
8.27818	293.618
8.28714	293.852
8.34352	292.171
8.35853	292.162
8.3644	292.519
8.38245	292.388
8.38539	292.86
8.39742	292.968
8.40052	293.433
8.40643	293.784
8.40947	294.25
8.4153	294.604
8.42131	294.95
8.42421	295.42
8.43635	295.52
8.44226	295.868
8.47484	295.151
8.48371	295.38
8.49552	295.492
8.52237	295.008
8.53456	295.105
8.5495	295.093
8.56421	295.09
8.57346	295.302
8.57643	295.759
8.60307	295.288
8.61516	295.387
8.62991	295.382
8.6452	295.356
8.65113	295.695
8.6781	295.215
8.68721	295.429
8.70815	295.185
8.71124	295.63
8.7142	296.08
8.72617	296.181
8.73213	296.514
8.75626	296.145
8.77142	296.124
8.78342	296.223
8.80141	296.092
8.80456	296.529
8.8343	295.951
8.84045	296.272
8.8559	296.239
8.91546	294.544
8.92142	294.87
8.96942	293.628
9.01112	292.632
9.02326	292.728
9.02616	293.164
9.02908	293.598
9.0409	293.705
9.06194	293.472
9.0649	293.903
9.07371	294.119
9.08272	294.327
9.0857	294.756
9.10668	294.524
9.11263	294.843
9.1363	294.514
9.13931	294.939
9.15427	294.927
9.16029	295.241
9.20203	294.259
9.22567	293.936
9.247	293.698
9.25589	293.907
9.27981	293.577
9.30105	293.345
9.30692	293.66
9.31295	293.968
9.3248	294.069
9.32782	294.484
9.33373	294.796
9.36056	294.364
9.36354	294.778
9.38144	294.663
9.40244	294.439
9.41455	294.53
9.43554	294.307
9.43862	294.715
9.44153	295.127
9.47121	294.6
9.47416	295.01
9.50372	294.489
9.53092	294.054
9.53691	294.355
9.56392	293.929
9.59051	293.519
9.59347	293.923
9.60549	294.015
9.60853	294.416
9.62022	294.518
9.62928	294.711
9.65314	294.396
9.67708	294.079
9.69184	294.077
9.70108	294.262
9.73752	293.525
9.74636	293.723
9.75519	293.922
9.77317	293.811
9.77607	294.209
9.78192	294.507
9.80853	294.105
9.81142	294.501
9.81437	294.895
9.82348	295.081
9.8293	295.378
9.84742	295.26
9.85616	295.458
9.86834	295.54
9.87134	295.929
9.88027	296.119
9.90086	295.919
9.91278	296.008
9.92451	296.104
9.92742	296.493
9.96357	295.775
9.96947	296.064
9.97237	296.452
9.98721	296.443
9.99305	296.733
9.99602	297.117
10.0018	297.408
10.0048	297.791
10.0257	297.579
10.0494	297.275
10.0523	297.66
10.0552	298.044
10.0642	298.225
10.0824	298.103
10.0916	298.277
10.0975	298.56
10.1367	297.747
10.1516	297.735
10.1955	296.777
10.2165	296.569
10.2342	296.467
10.2403	296.741
10.2525	296.817
10.2798	296.407
10.3066	296.015
10.3095	296.389
10.3211	296.484
10.3241	296.854
10.3448	296.658
10.3538	296.835
10.3567	297.207
10.395	296.451
10.4067	296.542
10.4425	295.872
10.466	295.592
10.4689	295.96
10.4808	296.044
10.4897	296.223
10.5135	295.934
10.5165	296.297
10.5376	296.093
10.5437	296.358
10.5674	296.074
10.6086	295.249
10.6476	294.499
10.6688	294.299
10.6898	294.106
10.7079	294.002
10.7141	294.261
10.717	294.62
10.726	294.792
10.7289	295.15
10.7318	295.508
10.7378	295.771
10.7471	295.933
10.7501	296.287
10.7536	296.626
10.7565	296.982
10.7655	297.152
10.8042	296.415
10.8101	296.679
10.828	296.578
10.8397	296.664
10.8545	296.657
10.8846	296.188
10.9027	296.083
10.9057	296.431
10.9233	296.34
10.9439	296.16
10.9558	296.24
11.0279	294.532
11.0337	294.793
11.0664	294.262
11.0785	294.338
11.0876	294.501
11.0966	294.668
11.1242	294.289
11.1272	294.63
11.1389	294.717
11.148	294.879
11.1598	294.962
11.1658	295.214
11.1687	295.557
11.1952	295.211
11.1981	295.552
11.2101	295.628
11.2575	294.678
11.2694	294.758
11.2929	294.503
11.2988	294.755
11.3078	294.918
11.3288	294.736
11.3379	294.895
11.383	294.026
11.4039	293.849
11.4511	292.931
11.4658	292.932
11.4749	293.091
11.4837	293.258
11.4986	293.253
11.5198	293.072
11.5228	293.4
11.5406	293.314
11.5647	293.053
11.5855	292.884
11.5944	293.047
11.5973	293.376
11.6153	293.285
11.6182	293.613
11.6302	293.689
11.6746	292.868
11.6895	292.863
11.7075	292.774
11.7104	293.1
11.7135	293.42
11.7196	293.657
11.7225	293.982
11.7255	294.304
11.7344	294.464
11.7933	293.251
11.7964	293.568
11.8206	293.31
11.8266	293.547
11.8325	293.788
11.8477	293.774
11.8837	293.196
11.8866	293.517
11.8926	293.753
11.9193	293.429
11.9341	293.426
11.952	293.341
11.9672	293.328
12.0117	292.531
12.0178	292.762
12.0269	292.913
12.0483	292.736
12.0543	292.969
12.0633	293.122
12.0666	293.427
12.0728	293.654
12.0818	293.806
12.0876	294.043
12.0966	294.194
12.1086	294.266
12.1175	294.419
12.1263	294.576
12.1593	294.089
12.207	293.219
12.2278	293.06
12.2396	293.137
12.2484	293.292
12.2514	293.599
12.2689	293.526
12.2837	293.524
12.3013	293.449
12.3073	293.676
12.3489	292.977
12.3787	292.588
12.3819	292.887
12.4028	292.728
12.4207	292.647
12.4295	292.8
12.4473	292.722
12.4504	293.021
12.4953	292.249
12.507	292.328
12.5129	292.554
12.522	292.699
12.5249	293.001
12.5462	292.834
12.5492	293.134
12.57	292.979
12.573	293.278
12.6118	292.667
12.6177	292.891
12.6324	292.893
12.6413	293.041
12.6442	293.34
12.6501	293.563
12.659	293.71
12.6743	293.695
12.7068	293.247
12.7215	293.248
12.7244	293.545
12.7422	293.468
12.76	293.391
12.766	293.609
12.8108	292.858
12.8289	292.774
12.8378	292.92
12.8466	293.068
12.8615	293.064
12.8796	292.98
12.8855	293.199
12.8918	293.408
12.9159	293.176
12.9188	293.469
12.9423	293.252
12.9483	293.467
12.9513	293.757
12.9571	293.976
12.9629	294.196
12.9662	294.477
12.9841	294.397
13.0141	294.02
13.047	293.574
13.0649	293.496
13.0914	293.209
13.0943	293.497
13.1239	293.135
13.1268	293.422
13.1326	293.639
13.2011	292.339
13.2249	292.122
13.2457	291.978
13.2517	292.189
13.2576	292.401
13.2754	292.329
13.2784	292.611
13.302	292.4
13.3082	292.604
13.3112	292.885
13.3407	292.533
13.3466	292.744
13.3495	293.027
13.3703	292.883
13.3794	293.017
13.4153	292.515
13.4454	292.153
13.4483	292.434
13.4515	292.707
13.4633	292.776
13.4841	292.634
13.5144	292.269
13.5294	292.264
13.5357	292.463
13.5654	292.114
13.6308	290.938
13.6427	291.006
13.6544	291.079
13.6576	291.348
13.6665	291.485
13.6843	291.416
13.7289	290.731
13.7319	291.003
13.7377	291.211
13.7407	291.482
13.7466	291.687
13.7497	291.956
13.7558	292.156
13.7766	292.018
13.7857	292.149
13.8099	291.933
13.8158	292.137
13.8335	292.07
13.8426	292.2
13.8456	292.469
13.8549	292.594
13.8759	292.452
13.8909	292.447
13.8967	292.651
13.8997	292.919
13.9354	292.443
13.9417	292.635
13.9596	292.564
13.9748	292.554
