1.07542	0
1.0784	734.694
1.10226	290.518
1.12666	239.379
1.1591	199.584
1.16206	241.233
1.18017	240.78
1.18315	273.344
1.18912	296.398
1.19799	309.875
1.20993	314.388
1.21877	324.923
1.24841	294.73
1.25437	308.826
1.25753	326.901
1.28738	301.592
1.30231	300.796
1.30524	315.572
1.30826	329.855
1.33869	308.374
1.35632	304.44
1.36213	313.249
1.3651	324.834
1.41041	294.06
1.41651	301.404
1.41942	311.329
1.42239	321.034
1.42536	330.575
1.42833	339.957
1.44011	340.814
1.44886	344.369
1.45178	353.109
1.45782	358.785
1.46087	367.092
1.47885	361.48
1.49079	361.489
1.49983	363.951
1.51772	359.03
1.52069	366.29
1.52662	371.02
1.54424	366.319
1.55011	370.862
1.55595	375.318
1.58563	362.028
1.59196	365.933
1.63949	342.875
1.65447	341.473
1.70536	320.839
1.71138	324.578
1.71429	329.838
1.71729	335.003
1.72632	336.984
1.73216	340.549
1.7473	339.311
1.75028	344.193
1.75922	346.003
1.79265	335.939
1.80459	336.361
1.82221	334.218
1.82853	337.138
1.84045	337.531
1.8463	340.562
1.85841	340.811
1.86136	345.013
1.87938	342.662
1.92448	329.593
1.95429	323.35
1.96633	323.827
1.97225	326.498
1.97537	330.155
2.01098	322.23
2.02006	323.701
2.023	327.245
2.03797	326.646
2.0853	315.646
2.11552	310.642
2.11862	313.851
2.12175	317.032
2.13364	317.551
2.13663	320.719
2.18188	311.531
2.21442	306.437
2.21732	309.434
2.23204	309.231
2.23496	312.171
2.24408	313.428
2.24725	316.26
2.25029	319.112
2.2532	321.984
2.25632	324.785
2.2868	320.19
2.29577	321.373
2.31056	321.024
2.33754	317.592
2.36705	313.689
2.40005	309.146
2.41181	309.657
2.41476	312.195
2.4328	311.23
2.46032	308.171
2.46617	309.977
2.46922	312.393
2.50499	307.609
2.52079	307.236
2.5621	301.615
2.58023	300.854
2.59212	301.342
2.59816	302.981
2.61298	302.871
2.62186	303.923
2.68467	294.762
2.72082	290.918
2.7359	290.878
2.73883	292.959
2.74192	295.004
2.78656	289.842
2.80437	289.355
2.80734	291.35
2.81328	292.838
2.82568	293.231
2.84027	293.254
2.85518	293.225
2.88467	290.837
2.90273	290.327
2.90567	292.218
2.9116	293.625
2.9176	295.012
2.92641	295.94
2.94401	295.465
2.94723	297.262
2.97109	295.802
2.98585	295.778
3.00362	295.293
3.02127	294.835
3.02422	296.603
3.05689	293.897
3.07187	293.856
3.07492	295.565
3.08681	295.965
3.08972	297.68
3.11346	296.334
3.13764	294.956
3.14639	295.795
3.15819	296.193
3.17015	296.563
3.18838	296.05
3.19746	296.818
3.22115	295.556
3.23012	296.329
3.23599	297.522
3.24842	297.808
3.25425	298.992
3.26307	299.76
3.28088	299.299
3.3077	297.64
3.31382	298.755
3.33207	298.254
3.33507	299.768
3.34685	300.115
3.34976	301.628
3.35273	303.13
3.3766	301.865
3.38837	302.196
3.45451	295.618
3.45751	297.058
3.47836	296.279
3.49606	295.898
3.49898	297.322
3.50808	297.985
3.5199	298.311
3.53497	298.24
3.58936	293.511
3.59226	294.888
3.61595	293.839
3.62766	294.183
3.63647	294.858
3.64253	295.843
3.64544	297.188
3.66328	296.809
3.66621	298.139
3.67211	299.124
3.67501	300.451
3.68093	301.425
3.71381	299.308
3.73743	298.276
3.74047	299.556
3.75548	299.49
3.7701	299.468
3.776	300.413
3.79388	300.026
3.81188	299.632
3.81478	300.891
3.81796	302.116
3.84478	300.751
3.84791	301.968
3.86007	302.201
3.86297	303.435
3.86885	304.342
3.87472	305.246
3.87776	306.455
3.88661	307.026
3.91015	306.002
3.92837	305.562
4.04789	294.74
4.05085	295.897
4.06894	295.553
4.08723	295.193
4.10236	295.144
4.10833	295.987
4.12015	296.256
4.14142	295.611
4.14439	296.731
4.15054	297.542
4.15647	298.371
4.15949	299.478
4.18026	298.867
4.19499	298.84
4.19802	299.933
4.21008	300.157
4.21314	301.24
4.21901	302.051
4.22787	302.572
4.23087	303.652
4.23698	304.431
4.23993	305.511
4.24303	306.575
4.24889	307.37
4.26096	307.561
4.26994	308.048
4.27589	308.825
4.27883	309.889
4.2908	310.079
4.29376	311.135
4.30262	311.619
4.30572	312.656
4.30894	313.68
4.32707	313.26
4.33316	314
4.38381	310.501
4.38963	311.259
4.4524	306.756
4.46129	307.227
4.47028	307.685
4.47624	308.415
4.51241	306.428
4.5368	305.518
4.57539	303.386
4.65004	298.262
4.69225	295.978
4.69515	296.933
4.70111	297.636
4.70403	298.587
4.70693	299.537
4.70983	300.486
4.71563	301.193
4.74874	299.656
4.75785	300.087
4.76086	301.013
4.78194	300.467
4.79702	300.411
4.81212	300.353
4.83594	299.6
4.83898	300.505
4.85084	300.705
4.85382	301.611
4.86287	302.03
4.86871	302.704
4.87161	303.61
4.88051	304.034
4.90441	303.265
4.91044	303.915
4.94301	302.473
4.94592	303.361
4.95775	303.55
4.96074	304.427
4.96949	304.852
4.97239	305.733
4.97821	306.384
5.01387	304.708
5.02278	305.114
5.04051	304.839
5.05556	304.772
5.06172	305.385
5.10649	303.066
5.1215	303.01
5.13046	303.405
5.16377	301.991
5.16972	302.607
5.17875	302.993
5.21727	301.22
5.22607	301.622
5.23824	301.777
5.25301	301.745
5.26781	301.71
5.30418	300.138
5.30722	300.942
5.31633	301.314
5.3281	301.496
5.33417	302.08
5.35504	301.617
5.35813	302.407
5.36112	303.204
5.36408	304.001
5.38536	303.503
5.40042	303.445
5.40933	303.818
5.42128	303.976
5.44516	303.304
5.4717	302.456
5.49883	301.579
5.5079	301.936
5.52301	301.881
5.54685	301.238
5.55587	301.596
5.59476	299.958
5.62477	298.929
5.66633	297.165
5.68753	296.736
5.70244	296.714
5.70852	297.256
5.71753	297.61
5.72635	297.974
5.75319	297.188
5.76485	297.37
5.76783	298.102
5.77373	298.647
5.80068	297.858
5.80952	298.214
5.82444	298.187
5.85763	297.021
5.87578	296.798
5.88183	297.323
5.88491	298.031
5.89374	298.381
5.89664	299.097
5.89957	299.81
5.90248	300.524
5.91441	300.676
5.92637	300.825
5.93226	301.349
5.94439	301.486
5.96853	300.882
5.97161	301.574
5.98048	301.91
5.99539	301.873
6.00121	302.393
6.00419	303.086
6.0368	301.965
6.04265	302.479
6.09951	299.917
6.11437	299.89
6.12039	300.388
6.13538	300.352
6.13847	301.022
6.17411	299.765
6.17702	300.441
6.18014	301.103
6.18306	301.776
6.19186	302.101
6.21557	301.549
6.2454	300.645
6.26314	300.45
6.26609	301.111
6.26901	301.773
6.29011	301.381
6.3078	301.187
6.34686	299.776
6.35853	299.931
6.36432	300.42
6.391	299.725
6.39393	300.372
6.40871	300.349
6.42071	300.483
6.42955	300.794
6.45358	300.253
6.47721	299.74
6.51576	298.411
6.53345	298.235
6.55726	297.728
6.57537	297.533
6.61733	296.061
6.64127	295.564
6.64434	296.176
6.6532	296.48
6.66208	296.782
6.7339	293.78
6.74297	294.072
6.74617	294.667
6.7551	294.965
6.77266	294.814
6.7967	294.33
6.79971	294.93
6.80892	295.21
6.86535	293.08
6.87752	293.209
6.88044	293.806
6.88352	294.393
6.89243	294.685
6.91617	294.227
6.92837	294.352
6.94891	294.058
6.95481	294.498
6.95772	295.086
6.96687	295.361
6.99375	294.75
7.00259	295.039
7.0357	294.125
7.05046	294.121
7.08325	293.236
7.10746	292.775
7.13138	292.332
7.14316	292.477
7.15804	292.471
7.16398	292.895
7.16695	293.461
7.16985	294.03
7.18772	293.878
7.19975	294.006
7.20873	294.279
7.21466	294.699
7.23261	294.541
7.24781	294.516
7.25963	294.651
7.26274	295.201
7.27156	295.478
7.29911	294.864
7.36504	292.462
7.38578	292.185
7.40665	291.904
7.40958	292.451
7.41253	292.996
7.41546	293.542
7.41848	294.083
7.42732	294.354
7.43345	294.749
7.45413	294.471
7.48697	293.637
7.48989	294.177
7.49288	294.712
7.50468	294.843
7.51058	295.244
7.5372	294.697
7.54013	295.231
7.54304	295.766
7.54595	296.3
7.5669	296.01
7.58474	295.862
7.59658	295.987
7.61486	295.821
7.64198	295.257
7.64798	295.645
7.65096	296.167
7.67795	295.611
7.7202	294.382
7.72325	294.897
7.72622	295.415
7.72911	295.935
7.75275	295.535
7.77962	294.995
7.81871	293.926
7.85447	293.013
7.88382	292.385
7.90772	291.994
7.91668	292.243
7.91972	292.744
7.92266	293.249
7.92867	293.623
7.93157	294.128
7.96158	293.474
7.97067	293.714
7.97364	294.213
7.98268	294.453
7.99434	294.581
8.00945	294.563
8.01841	294.805
8.02139	295.3
8.03924	295.163
8.07794	294.149
8.09263	294.149
8.09845	294.52
8.11322	294.516
8.12204	294.76
8.12791	295.128
8.1339	295.489
8.1368	295.979
8.14868	296.093
8.1547	296.451
8.16365	296.686
8.18727	296.308
8.23523	294.927
8.28311	293.568
8.29492	293.686
8.31263	293.565
8.33061	293.433
8.3365	293.789
8.34249	294.142
8.34832	294.5
8.3873	293.521
8.40529	293.39
8.40821	293.862
8.42335	293.844
8.42939	294.19
8.43833	294.42
8.44155	294.877
8.44735	295.231
8.45033	295.698
8.48041	295.08
8.50698	294.606
8.51577	294.839
8.53933	294.487
8.54224	294.951
8.55987	294.833
8.58635	294.369
8.63435	293.072
8.66401	292.496
8.67294	292.721
8.69136	292.58
8.70015	292.809
8.70917	293.029
8.73342	292.665
8.78038	291.443
8.81614	290.655
8.825	290.88
8.85181	290.433
8.85774	290.766
8.86973	290.873
8.87883	291.088
8.88769	291.31
8.90527	291.208
8.91406	291.433
8.91992	291.765
8.9377	291.655
8.9465	291.878
8.96134	291.876
8.97034	292.091
8.9821	292.203
8.99111	292.416
8.99704	292.742
9.00001	293.177
9.009	293.39
9.04511	292.603
9.0541	292.814
9.05995	293.141
9.07508	293.126
9.08698	293.23
9.10189	293.224
9.11962	293.114
9.13423	293.119
9.14908	293.115
9.15501	293.434
9.15794	293.862
9.20261	292.779
9.20849	293.098
9.21141	293.524
9.22041	293.73
9.25028	293.185
9.2623	293.283
9.29496	292.643
9.298	293.06
9.319	292.838
9.32491	293.151
9.3367	293.256
9.34876	293.351
9.35177	293.766
9.36356	293.869
9.36645	294.288
9.3753	294.494
9.39607	294.278
9.4053	294.471
9.41117	294.782
9.41415	295.194
9.41709	295.608
9.4378	295.392
9.45298	295.373
9.4737	295.159
9.49491	294.928
9.50082	295.234
9.5127	295.33
9.5156	295.74
9.53633	295.526
9.56937	294.886
9.57527	295.189
9.57826	295.593
9.61378	294.87
9.62269	295.068
9.63179	295.259
9.67943	294.126
9.68232	294.529
9.69106	294.732
9.71176	294.526
9.72664	294.519
9.74444	294.412
9.75037	294.709
9.79552	293.679
9.82252	293.266
9.8375	293.258
9.87403	292.532
9.93083	291.144
9.98172	289.965
10.018	289.272
10.0209	289.661
10.0296	289.862
10.0385	290.056
10.0444	290.347
10.0473	290.735
10.0711	290.446
10.0741	290.829
10.122	289.767
10.1249	290.151
10.1278	290.535
10.149	290.333
10.1548	290.623
10.1727	290.526
10.1877	290.522
10.1997	290.613
10.2293	290.146
10.2323	290.522
10.2473	290.518
10.2531	290.805
10.2622	290.987
10.304	290.138
10.3606	288.835
10.3934	288.282
10.423	287.831
10.4259	288.204
10.4318	288.484
10.4376	288.766
10.4707	288.209
10.483	288.291
10.537	287.103
10.549	287.195
10.5907	286.391
10.6179	286.027
10.6209	286.39
10.6239	286.752
10.6357	286.85
10.6418	287.119
10.6448	287.48
10.6507	287.754
10.6925	286.953
10.7162	286.696
10.725	286.882
10.7368	286.978
10.7427	287.25
10.7604	287.171
10.7752	287.178
10.793	287.097
10.8319	286.395
10.8379	286.662
10.8584	286.503
10.8702	286.598
10.8731	286.954
10.8879	286.962
10.8908	287.317
10.9116	287.149
10.9145	287.503
10.9175	287.854
10.9205	288.205
10.9473	287.861
10.9685	287.68
10.9893	287.513
11.0012	287.603
11.0282	287.257
11.0461	287.175
11.0491	287.521
11.061	287.611
11.064	287.957
11.0702	288.211
11.0791	288.386
11.1028	288.136
11.1593	286.95
11.1681	287.128
11.1803	287.208
11.201	287.048
11.222	286.88
11.2251	287.218
11.2282	287.555
11.2311	287.899
11.2399	288.074
11.2579	287.989
11.2789	287.82
11.306	287.48
11.309	287.818
11.3122	288.15
11.3746	286.824
11.4079	286.317
11.411	286.649
11.4229	286.737
11.4472	286.482
11.4592	286.567
11.4806	286.393
11.5015	286.233
11.5137	286.312
11.5258	286.394
11.5408	286.397
11.5437	286.73
11.5647	286.568
11.5768	286.649
11.5887	286.735
11.5946	286.985
11.5975	287.316
11.6329	286.762
11.6538	286.604
11.684	286.196
11.6901	286.438
11.6959	286.688
11.7081	286.766
11.7172	286.926
11.7201	287.254
11.723	287.581
11.7645	286.869
11.8838	284.103
11.902	284.025
11.9169	284.033
11.9439	283.725
11.9468	284.046
11.9589	284.128
11.9618	284.449
11.9676	284.694
11.9768	284.85
11.9828	285.089
12.0066	284.863
12.0393	284.408
12.0455	284.641
12.0664	284.493
12.0753	284.655
12.1052	284.275
12.1112	284.512
12.1232	284.594
12.1262	284.908
12.1442	284.835
12.1561	284.919
12.1742	284.843
12.2159	284.165
12.2189	284.476
12.2398	284.331
12.2456	284.57
12.2486	284.88
12.2546	285.113
12.2634	285.275
12.2752	285.36
12.2812	285.593
12.3052	285.367
12.3265	285.211
12.3295	285.519
12.3809	284.603
12.3901	284.753
12.393	285.062
12.4174	284.83
12.4234	285.06
12.4296	285.285
12.4355	285.517
12.4504	285.522
12.4625	285.598
12.4684	285.83
12.4838	285.822
12.4898	286.051
12.4929	286.351
12.5017	286.509
12.5142	286.573
12.5172	286.876
12.527	287.007
12.5388	287.089
12.5449	287.313
12.5478	287.617
12.5538	287.842
12.563	287.988
12.5897	287.695
12.6139	287.466
12.6385	287.229
12.6417	287.523
12.6477	287.747
12.6539	287.966
12.6568	288.267
12.675	288.187
12.6843	288.328
12.6873	288.625
12.6904	288.92
12.6997	289.061
12.7027	289.358
12.7205	289.286
12.7352	289.292
12.7382	289.588
12.7411	289.886
12.7443	290.177
12.7596	290.167
12.7685	290.315
12.7804	290.389
12.7835	290.681
12.7983	290.683
12.8015	290.972
12.8316	290.594
12.8347	290.885
12.8379	291.173
12.8412	291.458
12.85	291.607
12.8561	291.823
12.8593	292.11
12.8623	292.402
12.8654	292.692
12.8746	292.83
12.887	292.888
12.8989	292.959
12.9262	292.648
12.9294	292.934
12.9569	292.619
12.9629	292.835
12.9689	293.05
12.9723	293.33
