1.0993	0
1.11421	242.697
1.12013	364.25
1.12307	486.122
1.12895	531.039
1.1589	345.655
1.17082	348.34
1.17377	390.9
1.1856	387.487
1.20634	353.68
1.2093	382.673
1.23028	354.971
1.23322	378.92
1.24511	377.673
1.31664	274.622
1.34107	264.857
1.35014	272.416
1.41296	232.001
1.42195	238.865
1.45224	230.672
1.45809	238.885
1.46718	244.68
1.49719	237.138
1.50611	242.519
1.51802	245.914
1.53573	245.834
1.54492	250.429
1.54795	258.316
1.55701	262.614
1.57806	260.106
1.59282	261.075
1.59875	266.592
1.6194	264.326
1.62822	268.066
1.65499	262.952
1.66975	263.718
1.6727	269.864
1.67571	275.919
1.70595	269.318
1.72099	269.749
1.72389	275.387
1.72978	279.647
1.73574	283.797
1.76561	277.585
1.77141	281.6
1.77735	285.488
1.78923	286.828
1.85775	266.688
1.87285	267.065
1.87881	270.552
1.89375	270.901
1.89679	275.269
1.90271	278.606
1.90866	281.884
1.92636	281.077
1.93223	284.272
1.94107	286.411
1.97371	280.679
2.03631	266.582
2.07493	260.475
2.08693	261.681
2.08994	265.236
2.10773	264.842
2.15566	256.937
2.15872	260.263
2.19736	255.052
2.21831	254.14
2.23632	253.915
2.23933	257.026
2.24529	259.453
2.26909	257.871
2.272	260.907
2.27797	263.245
2.30485	260.965
2.30783	263.889
2.31711	265.421
2.33198	265.724
2.36161	262.915
2.36469	265.683
2.36758	268.477
2.37361	270.592
2.39424	269.619
2.39739	272.287
2.40652	273.687
2.43019	272.069
2.45109	271.06
2.45409	273.643
2.46891	273.836
2.48106	274.553
2.48989	275.914
2.4928	278.432
2.50462	279.163
2.51355	280.452
2.53435	279.4
2.54031	281.238
2.54639	283.038
2.54929	285.447
2.55228	287.828
2.56399	288.475
2.57884	288.499
2.59369	288.523
2.60256	289.692
2.60548	291.994
2.61437	293.13
2.61735	295.396
2.63529	294.76
2.68327	288.57
2.7039	287.554
2.71581	288.107
2.72784	288.63
2.73687	289.675
2.76375	287.596
2.76682	289.653
2.77582	290.674
2.78477	291.691
2.80829	290.207
2.8387	287.621
2.85361	287.639
2.85955	289.121
2.87137	289.629
2.88924	289.152
2.89226	291.071
2.89518	293
2.90123	294.412
2.91008	295.357
2.91328	297.214
2.9225	298.08
2.9254	299.969
2.93122	301.372
2.94345	301.715
2.95237	302.593
2.95834	303.943
2.96712	304.825
2.99396	302.79
3.01488	301.74
3.06785	295.824
3.07085	297.563
3.07689	298.837
3.07985	300.569
3.11569	297.373
3.12456	298.203
3.13357	299.004
3.14835	298.956
3.16311	298.911
3.16604	300.575
3.17507	301.348
3.21048	298.344
3.21368	299.933
3.2196	301.132
3.24621	299.414
3.2493	300.991
3.28574	297.954
3.29774	298.292
3.31888	297.399
3.32484	298.542
3.33363	299.3
3.34534	299.663
3.36089	299.512
3.36384	301.028
3.40012	298.163
3.41789	297.741
3.45681	294.662
3.45975	296.123
3.46561	297.214
3.47149	298.297
3.47442	299.746
3.49804	298.597
3.52197	297.432
3.53081	298.127
3.53374	299.541
3.54267	300.213
3.54587	301.585
3.57584	299.682
3.60248	298.22
3.61725	298.186
3.6289	298.52
3.64951	297.803
3.66126	298.123
3.67295	298.447
3.67876	299.448
3.68181	300.766
3.70841	299.357
3.72936	298.616
3.75048	297.867
3.75651	298.816
3.75943	300.11
3.76849	300.71
3.78038	300.987
3.85474	294.439
3.86661	294.737
3.91102	291.621
3.91695	292.54
3.929	292.82
3.93196	294.038
3.94711	293.991
3.95291	294.906
3.96453	295.218
3.99726	293.376
4.00328	294.255
4.02104	293.945
4.02701	294.82
4.04496	294.491
4.05104	295.347
4.05396	296.516
4.05689	297.681
4.08952	295.88
4.09243	297.034
4.13127	294.656
4.14023	295.208
4.14918	295.758
4.15211	296.888
4.16106	297.43
4.16994	297.977
4.18782	297.651
4.19073	298.767
4.20308	298.97
4.22128	298.611
4.24188	298.029
4.25075	298.56
4.26567	298.518
4.27146	299.334
4.28045	299.845
4.29231	300.084
4.30697	300.06
4.33975	298.359
4.34886	298.852
4.38463	296.914
4.40279	296.59
4.40586	297.62
4.41471	298.129
4.46227	295.199
4.4681	295.97
4.47398	296.734
4.5216	293.87
4.53348	294.111
4.57465	291.872
4.58655	292.114
4.58948	293.106
4.59856	293.58
4.62869	292.298
4.66159	290.813
4.6763	290.825
4.68797	291.082
4.69981	291.325
4.70277	292.284
4.71163	292.762
4.72685	292.725
4.74454	292.49
4.7506	293.187
4.77434	292.469
4.78957	292.432
4.84898	288.954
4.85822	289.393
4.86146	290.291
4.86459	291.196
4.87039	291.893
4.8734	292.805
4.89129	292.563
4.90034	293.002
4.91224	293.221
4.9269	293.226
4.9328	293.901
4.94165	294.348
4.95072	294.776
4.96564	294.756
5.00728	292.723
5.01613	293.164
5.04953	291.78
5.06736	291.557
5.10304	290.039
5.10903	290.683
5.12385	290.686
5.12979	291.329
5.13279	292.183
5.13894	292.807
5.14184	293.665
5.15986	293.426
5.16885	293.839
5.20782	292.104
5.21374	292.733
5.21671	293.571
5.23164	293.556
5.2704	291.865
5.27333	292.694
5.27626	293.522
5.30004	292.89
5.32092	292.465
5.32385	293.284
5.33015	293.868
5.33306	294.686
5.38133	292.374
5.38427	293.181
5.40832	292.548
5.45879	290.154
5.4735	290.165
5.48233	290.566
5.48543	291.345
5.5003	291.342
5.51207	291.544
5.52098	291.933
5.52392	292.715
5.53571	292.911
5.54456	293.299
5.54747	294.078
5.55621	294.471
5.61298	291.726
5.62768	291.733
5.64243	291.737
5.65126	292.119
5.67502	291.547
5.67808	292.295
5.7293	289.996
5.7531	289.442
5.78031	288.683
5.78928	289.051
5.79822	289.42
5.80406	289.979
5.81025	290.515
5.81924	290.876
5.82226	291.605
5.837	291.609
5.85517	291.404
5.88494	290.494
5.89077	291.042
5.8998	291.394
5.90564	291.939
5.94785	290.289
5.96545	290.127
6.00978	288.389
6.06355	286.136
6.1201	283.775
6.12595	284.304
6.16191	283.139
6.20916	281.367
6.21795	281.728
6.22987	281.915
6.23878	282.267
6.25379	282.283
6.25677	282.957
6.25974	283.631
6.26885	283.967
6.28705	283.803
6.29595	284.148
6.33137	283.051
6.35571	282.562
6.35883	283.216
6.3618	283.876
6.36475	284.537
6.37063	285.039
6.38843	284.897
6.40327	284.914
6.41848	284.912
6.43948	284.6
6.4514	284.774
6.45725	285.269
6.46022	285.916
6.46315	286.565
6.46617	287.208
6.46925	287.848
6.47526	288.329
6.47819	288.975
6.49297	288.984
6.49595	289.625
6.49893	290.265
6.5106	290.437
6.51356	291.076
6.5166	291.709
6.5195	292.35
6.53441	292.343
6.55511	292.026
6.59062	290.924
6.59952	291.239
6.61725	291.086
6.62324	291.552
6.65942	290.433
6.66536	290.899
6.68007	290.906
6.70667	290.297
6.72166	290.291
6.73345	290.45
6.73932	290.914
6.76641	290.286
6.77513	290.601
6.78725	290.741
6.82013	289.825
6.82308	290.431
6.83506	290.577
6.84401	290.876
6.84692	291.48
6.8499	292.08
6.85283	292.682
6.86475	292.826
6.86767	293.426
6.87057	294.027
6.90019	293.271
6.90351	293.847
6.90935	294.295
6.9245	294.271
6.92739	294.866
6.93048	295.451
6.94547	295.432
6.94837	296.024
6.95136	296.611
6.95436	297.196
6.9573	297.784
6.96038	298.364
6.97561	298.326
6.98456	298.607
6.9875	299.191
6.99342	299.623
7.01409	299.306
7.02013	299.731
7.0441	299.249
7.08638	297.858
7.0922	298.289
7.10117	298.563
7.10443	299.12
7.12521	298.806
7.12863	299.352
7.13462	299.771
7.14053	300.193
7.14349	300.76
7.15251	301.025
7.16743	300.997
7.17332	301.416
7.17644	301.972
7.1795	302.53
7.18241	303.096
7.18829	303.512
7.21504	302.891
7.23576	302.573
7.24792	302.677
7.2747	302.064
7.27762	302.62
7.3048	301.991
7.30772	302.545
7.32242	302.524
7.32846	302.924
7.36083	302.049
7.37599	302.007
7.40632	301.24
7.43314	300.647
7.48088	299.076
7.48967	299.34
7.49864	299.596
7.51966	299.288
7.54911	298.591
7.55203	299.125
7.55504	299.655
7.56711	299.764
7.59408	299.184
7.62399	298.475
7.62696	299.001
7.71883	295.505
7.72179	296.025
7.72472	296.546
7.75719	295.749
7.76304	296.138
7.77202	296.386
7.77503	296.9
7.77814	297.408
7.78437	297.777
7.79034	298.157
7.83479	296.831
7.84958	296.821
7.85588	297.183
7.86494	297.424
7.88872	297.018
7.90074	297.128
7.92797	296.576
7.94874	296.308
7.97849	295.655
8.01391	294.765
8.01985	295.137
8.02612	295.493
8.04084	295.489
8.10687	293.322
8.13036	292.956
8.16346	292.195
8.16649	292.681
8.18434	292.554
8.19322	292.796
8.2233	292.167
8.25956	291.291
8.26252	291.773
8.28653	291.4
8.28943	291.883
8.3013	292.002
8.40256	288.546
8.40545	289.023
8.43832	288.317
8.47129	287.614
8.48612	287.622
8.48912	288.089
8.50403	288.093
8.51004	288.442
8.51888	288.68
8.5513	288.004
8.56026	288.237
8.57795	288.133
8.59598	288.017
8.59893	288.479
8.60188	288.941
8.61073	289.176
8.63472	288.829
8.64955	288.834
8.66424	288.844
8.67005	289.193
8.69393	288.852
8.70295	289.078
8.70909	289.412
8.77139	287.626
8.78952	287.509
8.8166	287.06
8.82261	287.396
8.85228	286.854
8.87894	286.426
8.88784	286.653
8.89975	286.77
8.92083	286.549
8.94478	286.225
9.01075	284.385
9.04676	283.64
9.06168	283.651
9.06458	284.09
9.08255	283.992
9.09462	284.104
9.11241	284.012
9.12735	284.022
9.15995	283.409
9.16302	283.837
9.16895	284.163
9.19661	283.726
9.20252	284.052
9.20543	284.483
9.20833	284.914
9.2143	285.237
9.22613	285.353
9.22903	285.782
9.25264	285.485
9.26156	285.702
9.27041	285.921
9.27923	286.141
9.28215	286.567
9.303	286.365
9.31186	286.582
9.32057	286.804
9.33253	286.912
9.34731	286.921
9.37156	286.603
9.37451	287.022
9.38948	287.025
9.41622	286.622
9.42813	286.731
9.43399	287.047
9.48753	285.731
9.49959	285.835
9.50876	286.037
9.5117	286.45
9.5233	286.568
9.52626	286.98
9.53239	287.284
9.54735	287.286
9.56539	287.185
9.56839	287.593
9.5838	287.58
9.60781	287.276
9.64072	286.675
9.70721	284.963
9.71017	285.367
9.71307	285.772
9.71598	286.177
9.73088	286.183
9.73381	286.586
9.73969	286.891
9.74562	287.194
9.75731	287.305
9.769	287.416
9.77204	287.813
9.77797	288.114
9.81085	287.523
9.82879	287.427
9.85916	286.924
9.90636	285.877
9.92723	285.69
9.95736	285.206
9.96336	285.501
9.97829	285.507
9.99021	285.61
9.99604	285.909
10.0285	285.353
10.0613	284.791
10.0761	284.803
10.0882	284.9
10.0942	285.19
10.1332	284.437
10.1362	284.821
10.1658	284.368
10.1869	284.183
10.1987	284.289
10.2016	284.673
10.2045	285.056
10.2372	284.509
10.2431	284.798
10.252	284.993
10.294	284.161
10.315	283.983
10.3239	284.177
10.3327	284.374
10.3476	284.383
10.3868	283.648
10.393	283.923
10.402	284.113
10.4138	284.217
10.4197	284.5
10.4256	284.784
10.4285	285.158
10.4591	284.687
10.4649	284.972
10.4679	285.342
10.4709	285.712
10.4797	285.904
10.4978	285.813
10.5069	285.996
10.5158	286.184
10.5306	286.193
10.5425	286.29
10.5485	286.565
10.5545	286.84
10.5784	286.573
10.5901	286.675
10.6438	285.515
10.6557	285.611
10.6646	285.797
10.6676	286.159
10.6829	286.153
10.7007	286.072
10.7095	286.26
10.7125	286.62
10.7246	286.708
10.7608	286.081
10.7667	286.353
10.8184	285.275
10.8215	285.628
10.8337	285.714
10.8428	285.89
10.8486	286.163
10.8575	286.345
10.8605	286.7
10.8667	286.96
10.8695	287.32
10.8727	287.667
10.8972	287.389
10.9125	287.381
10.9155	287.733
10.9217	287.991
10.928	288.246
10.9309	288.601
10.9338	288.955
10.937	289.3
10.9462	289.468
10.9618	289.448
10.9649	289.795
10.9678	290.148
10.971	290.491
10.9832	290.57
