1.06648	0
1.09041	161.014
1.09624	264.544
1.10247	333.248
1.13819	231.604
1.14118	278.351
1.15921	271.045
1.16218	306.694
1.16816	330.465
1.17398	352.174
1.18028	370.18
1.20446	337.308
1.21651	338.979
1.24016	318.043
1.24634	330.926
1.25227	343.42
1.26703	339.739
1.29674	314.977
1.31765	306.057
1.32057	319.39
1.34731	304.515
1.36212	303.879
1.38886	292.179
1.39176	302.761
1.40349	305.022
1.40646	314.979
1.42703	309.038
1.46592	289.904
1.47794	291.92
1.49301	291.736
1.49897	297.664
1.51684	295.46
1.52577	299.098
1.53185	304.44
1.55246	300.442
1.56794	299.786
1.59762	291.214
1.60929	292.903
1.65384	278.115
1.6568	284.009
1.67164	284.182
1.67469	289.833
1.68058	294.068
1.69857	292.54
1.70156	297.94
1.70753	301.887
1.7134	305.808
1.71952	309.541
1.73136	310.521
1.75214	307.424
1.75524	312.292
1.76112	315.853
1.76414	320.658
1.76704	325.477
1.7758	327.539
1.79099	326.638
1.81205	323.219
1.81514	327.639
1.83884	323.195
1.85344	322.69
1.86232	324.511
1.87425	325.064
1.87728	329.163
1.88029	333.239
1.89227	333.635
1.91663	329.172
1.92569	330.723
1.93502	332.14
1.95857	328.227
2.00312	317.262
2.015	317.841
2.02992	317.404
2.0359	319.895
2.04482	321.389
2.08061	314.327
2.08962	315.777
2.11022	313.69
2.11914	315.131
2.12204	318.349
2.13693	317.958
2.146	319.285
2.16666	317.221
2.1696	320.284
2.17249	323.345
2.17546	326.366
2.1813	328.526
2.21113	323.751
2.22587	323.362
2.24106	322.859
2.25875	321.695
2.26475	323.684
2.27701	323.974
2.28282	325.974
2.28895	327.868
2.30383	327.418
2.35159	318.631
2.35453	321.252
2.36929	320.929
2.37227	323.499
2.37524	326.06
2.38112	327.884
2.44052	316.877
2.47929	311.25
2.49106	311.71
2.50906	310.817
2.53901	307.436
2.55106	307.85
2.56021	308.854
2.5809	307.49
2.58381	309.743
2.5987	309.552
2.60757	310.572
2.63457	307.984
2.6466	308.373
2.66157	308.187
2.67042	309.178
2.67919	310.174
2.68222	312.262
2.72437	306.938
2.73022	308.453
2.73326	310.479
2.73944	311.911
2.74531	313.392
2.74827	315.405
2.76924	314.06
2.77217	316.05
2.77816	317.466
2.81121	313.934
2.82899	313.219
2.84364	313.068
2.89154	307.228
2.89444	309.101
2.91511	307.983
2.92394	308.843
2.94504	307.676
2.95697	308.019
2.97471	307.42
2.97782	309.178
2.99256	309.055
3.0044	309.395
3.01049	310.646
3.01956	311.414
3.06447	306.584
3.0674	308.291
3.07033	309.994
3.10585	306.718
3.11777	307.041
3.12075	308.696
3.13282	308.983
3.13577	310.628
3.14189	311.792
3.17505	308.941
3.18096	310.119
3.19872	309.563
3.21078	309.836
3.21373	311.42
3.23732	310.028
3.24025	311.595
3.26418	310.17
3.27324	310.853
3.27636	312.367
3.28252	313.447
3.29132	314.148
3.35117	307.817
3.36593	307.72
3.36895	309.191
3.37188	310.67
3.38758	310.43
3.44765	304.421
3.47433	302.844
3.48913	302.777
3.49806	303.441
3.51917	302.591
3.53436	302.479
3.53733	303.863
3.54614	304.524
3.57309	302.975
3.59099	302.539
3.60585	302.47
3.60879	303.818
3.62969	303.027
3.63567	304.002
3.63858	305.336
3.64451	306.308
3.66264	305.834
3.6716	306.439
3.68055	307.042
3.69549	306.941
3.69844	308.236
3.71922	307.451
3.73998	306.681
3.74599	307.604
3.78466	304.82
3.79642	305.089
3.79934	306.343
3.83199	304.29
3.84398	304.532
3.84996	305.429
3.87389	304.365
3.89794	303.307
3.90684	303.877
3.90984	305.074
3.9128	306.273
3.91865	307.159
3.93643	306.762
3.97892	303.772
3.99695	303.378
4.00587	303.927
4.01177	304.784
4.03285	304.075
4.04816	303.962
4.05979	304.224
4.07462	304.161
4.07757	305.296
4.08054	306.428
4.08345	307.563
4.09566	307.749
4.09861	308.873
4.11662	308.466
4.16452	305.095
4.17387	305.566
4.17981	306.37
4.20068	305.709
4.22428	304.793
4.23333	305.286
4.24803	305.233
4.2869	302.893
4.29283	303.674
4.29868	304.46
4.30453	305.244
4.31339	305.741
4.31634	306.792
4.32218	307.568
4.32808	308.335
4.33102	309.38
4.34007	309.844
4.34601	310.599
4.35497	311.066
4.39363	308.752
4.40562	308.937
4.41179	309.658
4.41469	310.679
4.43863	309.755
4.4505	309.945
4.46842	309.583
4.49514	308.431
4.50112	309.151
4.51583	309.085
4.54347	307.872
4.58525	305.446
4.60314	305.123
4.60933	305.808
4.63966	304.423
4.64567	305.118
4.65472	305.552
4.66065	306.249
4.67821	305.957
4.68725	306.386
4.69925	306.562
4.7082	306.995
4.71127	307.921
4.71709	308.613
4.72331	309.269
4.74406	308.699
4.74696	309.629
4.78868	307.321
4.80057	307.499
4.80358	308.406
4.80668	309.305
4.84292	307.482
4.86103	307.153
4.87886	306.85
4.92075	304.638
4.98024	301.114
4.98315	301.992
4.99501	302.18
5.00399	302.588
5.01298	302.993
5.03074	302.725
5.04557	302.683
5.06075	302.614
5.06977	303.011
5.12382	300.041
5.12973	300.668
5.13271	301.509
5.1356	302.356
5.14748	302.534
5.15341	303.152
5.16224	303.553
5.18913	302.621
5.19206	303.453
5.21569	302.767
5.21863	303.592
5.22757	303.978
5.23991	304.114
5.24282	304.936
5.24868	305.541
5.30825	302.271
5.32024	302.434
5.33809	302.182
5.34108	302.981
5.34402	303.782
5.36803	303.091
5.38303	303.039
5.39794	302.993
5.41004	303.143
5.44257	301.878
5.45169	302.235
5.45758	302.813
5.46355	303.384
5.47577	303.523
5.49378	303.264
5.49691	304.024
5.50287	304.589
5.5089	305.148
5.51182	305.919
5.53558	305.259
5.55329	305.017
5.59504	303.161
5.60091	303.72
5.6489	301.484
5.65794	301.831
5.66983	301.99
5.67284	302.73
5.688	302.671
5.69393	303.217
5.7208	302.395
5.72373	303.132
5.75084	302.3
5.78053	301.313
5.79846	301.085
5.82829	300.106
5.83415	300.643
5.83745	301.34
5.86983	300.209
5.87281	300.921
5.89663	300.332
5.90839	300.495
5.92631	300.276
5.92933	300.977
5.95318	300.393
5.95612	301.095
5.95914	301.792
5.97095	301.946
5.9859	301.906
5.99768	302.061
6.01242	302.034
6.03324	301.638
6.05992	300.892
6.06577	301.404
6.10754	299.764
6.11952	299.909
6.12873	300.216
6.13165	300.896
6.14369	301.033
6.16757	300.471
6.18848	300.088
6.19139	300.76
6.21226	300.38
6.22104	300.706
6.26297	299.112
6.27795	299.081
6.28098	299.736
6.29294	299.876
6.29592	300.531
6.29886	301.187
6.3047	301.676
6.31368	301.983
6.33753	301.436
6.34348	301.915
6.34641	302.565
6.42032	299.197
6.44703	298.515
6.45584	298.828
6.47699	298.459
6.4831	298.919
6.49786	298.903
6.5008	299.535
6.5127	299.674
6.52749	299.654
6.53333	300.123
6.54857	300.077
6.57249	299.558
6.61415	298.088
6.62624	298.217
6.65586	297.41
6.67054	297.402
6.67948	297.698
6.68843	297.992
6.70636	297.811
6.71512	298.113
6.7298	298.103
6.75361	297.615
6.76242	297.913
6.80117	296.654
6.80418	297.251
6.82788	296.778
6.85787	295.988
6.86968	296.13
6.88724	295.979
6.89315	296.42
6.90801	296.405
6.91392	296.844
6.94109	296.207
6.97405	295.286
6.977	295.869
6.98905	295.997
6.992	296.578
7.00089	296.862
7.01884	296.692
7.03071	296.826
7.03953	297.111
7.05155	297.236
7.07227	296.93
7.09305	296.623
7.10202	296.898
7.1082	297.309
7.13521	296.698
7.13811	297.267
7.15298	297.251
7.17733	296.774
7.19833	296.462
7.20711	296.741
7.2189	296.875
7.22492	297.286
7.24005	297.257
7.24298	297.815
7.29049	296.237
7.30219	296.374
7.31117	296.639
7.32327	296.756
7.3441	296.46
7.34699	297.011
7.3528	297.423
7.38234	296.716
7.3853	297.261
7.3943	297.521
7.40017	297.927
7.43312	297.064
7.4395	297.444
7.44252	297.981
7.45131	298.247
7.46928	298.085
7.47226	298.62
7.48728	298.594
7.4903	299.126
7.49346	299.651
7.49649	300.181
7.50277	300.56
7.51163	300.817
7.53574	300.363
7.53872	300.892
7.55359	300.869
7.59822	299.475
7.60114	300.002
7.60419	300.522
7.63088	299.959
7.65773	299.393
7.73305	296.659
7.74191	296.913
7.7448	297.431
7.7689	297.006
7.77774	297.258
7.78684	297.499
7.79574	297.747
7.81069	297.727
7.81366	298.236
7.82	298.596
7.83175	298.716
7.83471	299.223
7.84661	299.335
7.84962	299.839
7.85856	300.08
7.86155	300.584
7.87027	300.833
7.88203	300.948
7.89091	301.189
7.89689	301.558
7.91464	301.407
7.92069	301.771
7.9325	301.882
7.93846	302.248
7.94443	302.614
7.95632	302.719
7.95926	303.216
7.96515	303.583
7.96811	304.079
7.97106	304.574
7.97402	305.069
7.97999	305.43
7.98295	305.924
7.99194	306.15
8.01273	305.856
8.01585	306.34
8.03087	306.3
8.0338	306.791
8.11772	303.754
8.13895	303.453
8.15696	303.291
8.15994	303.773
8.1779	303.613
8.19874	303.332
8.20462	303.687
8.20763	304.164
8.21103	304.623
8.2199	304.849
8.22872	305.077
8.23461	305.429
8.25242	305.273
8.27309	304.997
8.27601	305.473
8.28488	305.696
8.30302	305.526
8.30605	305.995
8.30902	306.466
8.31192	306.939
8.3151	307.4
8.3302	307.356
8.34851	307.177
8.35747	307.392
8.3872	306.734
8.39017	307.199
8.39897	307.419
8.45035	305.866
8.45633	306.203
8.47141	306.163
8.4834	306.25
8.48639	306.709
8.49836	306.796
8.51001	306.896
8.52478	306.868
8.572	305.513
8.57491	305.97
8.62261	304.611
8.63462	304.698
8.64044	305.034
8.65255	305.117
8.66166	305.319
8.69136	304.697
8.71241	304.423
8.72157	304.623
8.73339	304.717
8.7367	305.148
8.7455	305.361
8.75448	305.566
8.76042	305.892
8.76919	306.104
8.78119	306.188
8.79633	306.147
8.79925	306.59
8.80509	306.917
8.80799	307.36
8.81091	307.802
8.83167	307.535
8.84095	307.724
8.8646	307.344
8.87641	307.433
8.88829	307.518
8.89127	307.953
8.90609	307.922
8.90907	308.356
8.91202	308.79
8.92985	308.639
8.93281	309.072
8.94174	309.27
8.94776	309.582
8.95074	310.013
8.96582	309.968
8.97177	310.281
8.98082	310.472
8.98388	310.897
8.98967	311.215
8.99258	311.646
9.04954	309.964
9.1033	308.429
9.12443	308.156
9.12732	308.581
9.13619	308.777
9.14222	309.082
9.15127	309.27
9.15719	309.578
9.199	308.518
9.20195	308.937
9.20487	309.356
9.21689	309.43
9.23761	309.174
9.24344	309.482
9.27041	308.991
9.2796	309.172
9.28249	309.588
9.28838	309.892
9.29149	310.3
9.30605	310.276
9.33897	309.564
9.39556	307.98
9.4073	308.064
9.41624	308.252
9.44	307.893
9.45484	307.863
9.45777	308.27
9.46964	308.349
9.4814	308.431
9.48725	308.73
9.51406	308.262
9.53489	308.014
9.54672	308.093
9.57642	307.526
9.59156	307.487
9.59467	307.881
9.60968	307.846
9.62165	307.92
9.64566	307.562
9.67521	307.008
9.74639	304.989
9.74933	305.383
9.79095	304.422
9.79693	304.708
9.8058	304.893
9.81787	304.966
9.82957	305.052
9.87389	304.007
9.87687	304.395
9.87982	304.783
9.88864	304.968
9.90951	304.737
9.91242	305.125
9.91532	305.513
9.92742	305.583
9.95125	305.25
9.95424	305.633
9.96059	305.901
9.99039	305.363
9.99329	305.748
10.0112	305.619
10.02	305.801
10.032	305.873
10.0378	306.157
10.0438	306.433
10.0467	306.815
10.0589	306.88
10.0796	306.654
10.0825	307.035
10.0975	307.003
10.1572	305.463
10.172	305.44
10.1749	305.817
10.1778	306.194
10.1809	306.564
10.193	306.631
10.196	307.003
10.1991	307.372
10.2231	307.038
10.2412	306.903
10.2503	307.069
10.274	306.748
10.277	307.117
10.2799	307.489
10.2888	307.661
10.2917	308.032
10.2975	308.307
10.3124	308.277
10.3154	308.644
10.3273	308.714
10.3598	308.099
10.4014	307.189
10.4133	307.261
