1.04437	0
1.04755	711.697
1.06465	372.896
1.10304	210.526
1.10602	267.741
1.10891	320.332
1.11184	368.391
1.1178	396.226
1.13871	355.446
1.16237	321.615
1.1713	332.768
1.19215	315.391
1.20972	308.131
1.21287	327.674
1.21579	346.968
1.27907	272.739
1.28203	287.342
1.2939	290.944
1.32082	278.37
1.33289	281.665
1.35093	279.205
1.38394	264.907
1.38978	272.868
1.42004	262.468
1.42585	269.74
1.43779	272.514
1.44071	281.342
1.44372	289.976
1.45259	294.228
1.48801	280.563
1.49403	286.377
1.50588	288.372
1.51178	293.94
1.51481	301.185
1.52364	304.629
1.54149	302.394
1.55947	300.237
1.61006	281.121
1.61619	285.64
1.62213	290.158
1.62505	296.108
1.63104	300.427
1.63405	306.192
1.64936	305.587
1.65533	309.652
1.66727	310.647
1.67915	311.635
1.68815	313.978
1.70286	313.526
1.70604	318.527
1.72968	313.862
1.7357	317.363
1.73862	322.231
1.75636	320.278
1.77128	319.649
1.79215	316.517
1.80417	317.193
1.8314	311.728
1.84914	310.23
1.86404	309.862
1.87899	309.489
1.89374	309.201
1.89668	313.19
1.91482	311.631
1.9511	303.951
1.96915	302.694
1.98675	301.628
1.98988	305.188
1.99287	308.769
1.99878	311.376
2.00464	313.967
2.04327	306.172
2.04617	309.588
2.06103	309.313
2.06987	310.855
2.08754	309.734
2.09049	312.981
2.11988	308.457
2.1734	297.689
2.19144	296.776
2.22439	292.161
2.23314	293.641
2.25362	292.243
2.26249	293.659
2.27162	294.991
2.27453	297.798
2.28039	299.877
2.28634	301.913
2.29552	303.148
2.31347	302.267
2.31662	304.908
2.33503	303.908
2.39415	293.819
2.42661	290.052
2.43559	291.283
2.43849	293.77
2.44446	295.599
2.4477	297.99
2.45698	299.089
2.46607	300.213
2.47203	301.982
2.48084	303.135
2.48666	304.903
2.48971	307.244
2.49271	309.586
2.50152	310.676
2.51362	311.057
2.5287	310.808
2.5347	312.452
2.54671	312.829
2.55262	314.465
2.55557	316.705
2.56157	318.297
2.56465	320.49
2.57357	321.443
2.60645	317.45
2.64534	312.446
2.69907	304.925
2.70516	306.405
2.72313	305.7
2.72897	307.202
2.75561	304.948
2.75854	306.943
2.77632	306.288
2.78232	307.714
2.80024	307.035
2.80904	307.95
2.8388	305.254
2.8417	307.162
2.84763	308.546
2.86233	308.427
2.87716	308.289
2.88007	310.151
2.88881	311.022
2.89775	311.851
2.9277	309.19
2.96015	306.212
3.00183	301.905
3.0048	303.649
3.03452	301.288
3.04648	301.646
3.0524	302.906
3.05538	304.603
3.07333	304.038
3.07949	305.239
3.0883	306.036
3.10614	305.484
3.11822	305.787
3.16564	300.994
3.18082	300.878
3.19271	301.223
3.24643	295.843
3.25233	297.008
3.26734	296.946
3.27038	298.479
3.3119	294.923
3.32079	295.668
3.32977	296.396
3.39573	289.927
3.41658	289.2
3.4195	290.662
3.42538	291.757
3.42831	293.209
3.45217	292.099
3.47882	290.678
3.48789	291.366
3.49099	292.761
3.49401	294.162
3.50572	294.517
3.52659	293.782
3.56211	291.356
3.56522	292.708
3.58915	291.655
3.62534	289.242
3.68524	284.322
3.68817	285.64
3.71203	284.705
3.72086	285.379
3.74503	284.426
3.76587	283.836
3.76877	285.118
3.77777	285.759
3.78364	286.723
3.78671	287.976
3.79566	288.609
3.82809	286.8
3.86106	284.979
3.87902	284.697
3.882	285.919
3.88514	287.123
3.89999	287.143
3.90296	288.354
3.906	289.556
3.9209	289.558
3.92379	290.767
3.93879	290.752
3.99245	286.929
4.00721	286.958
4.01305	287.848
4.03382	287.294
4.0399	288.152
4.10809	283.153
4.12925	282.612
4.17387	279.965
4.18875	280.014
4.19749	280.607
4.20049	281.709
4.218	281.516
4.22989	281.821
4.23281	282.917
4.2504	282.712
4.26243	282.997
4.29874	281.169
4.32255	280.445
4.3557	278.943
4.36467	279.49
4.38892	278.756
4.40093	279.046
4.40697	279.828
4.42475	279.635
4.4459	279.166
4.46082	279.212
4.48469	278.531
4.49073	279.295
4.49951	279.836
4.51435	279.884
4.52035	280.643
4.52913	281.175
4.53498	281.941
4.54081	282.706
4.54398	283.683
4.56788	282.985
4.61603	280.382
4.63694	279.953
4.63986	280.926
4.67818	279.154
4.68424	279.876
4.69909	279.92
4.73801	278.142
4.76222	277.493
4.78298	277.108
4.78591	278.045
4.79188	278.754
4.79781	279.464
4.81583	279.275
4.83656	278.887
4.84268	279.575
4.85461	279.833
4.86056	280.528
4.89043	279.474
4.91394	278.892
4.93799	278.28
4.94096	279.176
4.9678	278.368
4.97378	279.043
4.97971	279.72
4.98263	280.608
4.99161	281.064
5.01529	280.476
5.03893	279.898
5.05089	280.141
5.06268	280.394
5.08073	280.21
5.09834	280.059
5.14011	278.259
5.17031	277.27
5.17622	277.918
5.1822	278.56
5.18537	279.39
5.20912	278.834
5.2299	278.482
5.24798	278.312
5.27756	277.389
5.29845	277.042
5.31921	276.708
5.35244	275.577
5.36128	276.013
5.39457	274.894
5.41535	274.576
5.42166	275.167
5.43335	275.418
5.45444	275.081
5.46325	275.51
5.52072	272.939
5.53244	273.189
5.57425	271.622
5.58013	272.222
5.58304	272.999
5.631	271.087
5.63408	271.846
5.64291	272.263
5.65801	272.308
5.72623	269.265
5.76533	267.951
5.76827	268.698
5.78304	268.772
5.78608	269.511
5.78915	270.246
5.80082	270.491
5.84553	268.873
5.84843	269.61
5.85441	270.172
5.87523	269.902
5.89307	269.8
5.90208	270.189
5.91388	270.421
5.92297	270.803
5.93473	271.035
5.95265	270.925
5.96469	271.14
5.96762	271.856
5.97071	272.562
6.00005	271.82
6.00314	272.522
6.00907	273.066
6.05641	271.35
6.06542	271.723
6.0955	270.961
6.0984	271.659
6.10425	272.199
6.11632	272.403
6.12215	272.94
6.14012	272.826
6.14612	273.351
6.14905	274.04
6.21489	271.388
6.22402	271.743
6.25714	270.846
6.26006	271.522
6.28088	271.268
6.30746	270.719
6.31327	271.24
6.31956	271.735
6.33433	271.793
6.34348	272.139
6.35243	272.494
6.36437	272.694
6.37048	273.192
6.37347	273.849
6.3852	274.056
6.42921	272.619
6.43514	273.121
6.44691	273.325
6.44982	273.977
6.45889	274.316
6.47072	274.514
6.50035	273.815
6.52726	273.259
6.54218	273.303
6.5544	273.481
6.56362	273.807
6.57259	274.144
6.57859	274.627
6.58459	275.109
6.59051	275.594
6.59939	275.931
6.60243	276.557
6.6085	277.032
6.6444	276.027
6.64743	276.649
6.66229	276.686
6.66814	277.166
6.67399	277.645
6.68281	277.977
6.68869	278.453
6.6916	279.074
6.72152	278.364
6.72735	278.839
6.76282	277.865
6.76596	278.467
6.80164	277.492
6.80464	278.097
6.81353	278.418
6.87916	276.027
6.89417	276.058
6.89715	276.655
6.90627	276.961
6.93287	276.444
6.94191	276.753
6.95072	277.071
6.95374	277.66
6.96264	277.973
6.96863	278.42
6.97161	279.009
6.97465	279.594
6.97763	280.182
6.98364	280.625
6.99835	280.657
7.00136	281.241
7.02539	280.833
7.02839	281.414
7.0345	281.848
7.05232	281.731
7.06996	281.623
7.07291	282.202
7.08468	282.367
7.08765	282.943
7.09059	283.519
7.09945	283.818
7.12024	283.558
7.14094	283.304
7.14391	283.874
7.16184	283.748
7.18292	283.477
7.2498	281.12
7.28005	280.449
7.3248	279.139
7.33379	279.427
7.36071	278.92
7.36663	279.342
7.3754	279.637
7.39028	279.662
7.40562	279.667
7.41154	280.085
7.44425	279.329
7.44764	279.856
7.45358	280.27
7.45661	280.811
7.46574	281.085
7.47159	281.501
7.47459	282.041
7.48075	282.442
7.48981	282.715
7.51667	282.209
7.53172	282.221
7.53482	282.751
7.58265	281.344
7.58865	281.746
7.60091	281.878
7.6068	282.283
7.60972	282.815
7.62155	282.964
7.66334	281.83
7.67228	282.102
7.67815	282.503
7.68725	282.766
7.77636	279.666
7.797	279.451
7.80888	279.599
7.82675	279.5
7.84793	279.265
7.851	279.773
7.86602	279.79
7.87785	279.938
7.93157	278.382
7.93753	278.768
7.94336	279.159
7.97289	278.593
7.98801	278.608
7.994	278.989
8.00893	279.012
8.01474	279.399
8.02067	279.78
8.04758	279.322
8.06575	279.215
8.07159	279.597
8.0775	279.976
8.08347	280.353
8.1104	279.896
8.11334	280.39
8.12528	280.527
8.13726	280.663
8.14334	281.031
8.18204	280.112
8.19118	280.359
8.19413	280.847
8.19705	281.336
8.2	281.824
8.21826	281.709
8.24776	281.155
8.26545	281.064
8.28926	280.737
8.30132	280.866
8.30731	281.229
8.31929	281.359
8.32811	281.612
8.33112	282.088
8.37268	281.078
8.37571	281.551
8.38454	281.801
8.39042	282.163
8.3992	282.414
8.40509	282.774
8.40821	283.241
8.43172	282.925
8.45861	282.481
8.49134	281.82
8.51803	281.392
8.52387	281.75
8.54431	281.558
8.55605	281.693
8.57713	281.478
8.58022	281.936
8.59268	282.043
8.6015	282.285
8.62543	281.964
8.63429	282.204
8.6402	282.553
8.65487	282.576
8.66086	282.921
8.66968	283.16
8.74138	281.084
8.76197	280.894
8.77699	280.907
8.77991	281.359
8.78585	281.701
8.81828	281.082
8.82991	281.217
8.83578	281.56
8.84464	281.794
8.8506	282.132
8.86845	282.04
8.87438	282.378
8.88339	282.605
8.89522	282.729
8.90408	282.96
8.91051	283.278
8.93122	283.082
8.94645	283.083
8.97388	282.648
8.98573	282.771
9.02146	282.046
9.0275	282.373
9.03339	282.706
9.04556	282.816
9.05149	283.146
9.06328	283.268
9.07529	283.382
9.0815	283.701
9.0903	283.927
9.09645	284.247
9.11403	284.163
9.12303	284.381
9.12603	284.81
9.12902	285.239
9.13543	285.547
9.16541	285.025
9.17437	285.242
9.18025	285.566
9.23481	284.192
9.23774	284.618
9.25258	284.629
9.25865	284.945
9.26169	285.365
9.26756	285.686
9.27363	286.001
9.28828	286.016
9.30894	285.824
9.31188	286.245
9.32655	286.26
9.35028	285.962
9.35623	286.277
9.3684	286.377
9.41284	285.373
9.41579	285.788
9.43662	285.594
9.43968	286.004
9.44296	286.407
9.49649	285.104
9.50542	285.314
9.5145	285.518
9.53557	285.318
9.54753	285.425
9.59277	284.42
9.61062	284.332
9.63114	284.156
9.63699	284.465
9.64284	284.774
9.65176	284.98
9.65757	285.289
9.67844	285.1
9.68441	285.403
9.70809	285.122
9.7141	285.422
9.72903	285.429
9.73503	285.729
9.74391	285.934
9.76473	285.747
9.77074	286.045
9.79172	285.853
9.7948	286.246
9.80366	286.449
9.81867	286.452
9.8218	286.841
9.83343	286.953
9.85457	286.755
9.88166	286.365
9.89959	286.273
9.91466	286.274
9.92353	286.474
9.94158	286.379
9.96855	285.998
9.97441	286.294
9.98337	286.49
9.98631	286.879
9.99834	286.976
10.0615	285.445
10.0645	285.829
10.0675	286.213
10.0915	285.931
10.0979	286.206
10.1009	286.588
10.104	286.967
10.113	287.158
10.1248	287.261
10.1426	287.173
10.1809	286.443
10.1899	286.633
10.1929	287.011
10.199	287.292
10.2108	287.393
10.2406	286.932
10.2582	286.853
10.2935	286.225
10.2964	286.602
10.3023	286.886
10.3144	286.978
10.3174	287.35
10.3474	286.888
10.3504	287.26
10.3535	287.628
10.3658	287.712
10.3955	287.26
10.4073	287.36
10.4102	287.732
10.4407	287.258
10.4612	287.091
10.4854	286.813
10.5094	286.542
10.5123	286.911
10.5333	286.731
10.5662	286.194
10.605	285.485
10.611	285.757
10.6262	285.755
10.6413	285.755
10.6503	285.937
10.6653	285.941
10.6683	286.3
10.6832	286.306
10.6979	286.317
10.7039	286.587
10.7307	286.24
10.749	286.145
10.7642	286.142
10.788	285.887
10.794	286.154
10.8117	286.077
10.8294	286.002
10.8538	285.731
10.8568	286.083
10.8657	286.264
10.8804	286.275
10.9045	286.014
10.9134	286.194
10.9284	286.196
10.9374	286.373
10.9524	286.375
10.9762	286.124
10.9792	286.472
10.9946	286.463
11.0063	286.56
11.0211	286.568
11.0271	286.828
11.0303	287.169
11.048	287.093
11.0715	286.851
11.0893	286.773
11.101	286.869
11.1069	287.13
11.1248	287.048
11.1606	286.46
11.1665	286.719
11.1726	286.973
11.1875	286.978
11.1933	287.239
11.1993	287.495
11.2051	287.756
11.2109	288.016
11.2167	288.277
11.2404	288.03
11.2551	288.039
11.261	288.295
11.2904	287.89
11.3618	286.317
11.3707	286.488
11.4065	285.916
11.4155	286.084
11.4628	285.2
11.4807	285.125
11.4925	285.216
11.5135	285.057
11.5342	284.906
11.543	285.079
11.5459	285.411
11.555	285.575
11.5613	285.815
11.5701	285.986
11.588	285.91
11.5909	286.241
11.6026	286.333
11.6725	284.857
11.6785	285.102
11.6906	285.184
11.6994	285.354
11.7083	285.521
11.7321	285.289
11.741	285.456
11.7588	285.385
11.7678	285.548
11.7796	285.637
11.7888	285.794
11.8068	285.717
11.8157	285.882
11.8365	285.732
11.8424	285.976
11.8456	286.291
11.8663	286.142
11.8692	286.465
11.8843	286.464
11.9113	286.15
11.9231	286.237
11.9318	286.405
11.935	286.717
11.9827	285.862
11.9885	286.105
11.9945	286.343
12.0036	286.499
12.0187	286.499
12.0276	286.66
12.0306	286.975
12.0542	286.752
12.1013	285.921
12.1043	286.234
12.1134	286.389
12.1315	286.311
12.1462	286.321
12.1551	286.481
12.1729	286.411
12.2531	284.747
12.2891	284.22
12.3125	284.013
12.3242	284.102
12.3331	284.26
12.351	284.192
12.357	284.424
12.3689	284.506
12.3836	284.518
12.3897	284.746
12.4018	284.823
12.4107	284.98
12.4374	284.691
12.4495	284.768
12.4554	284.999
12.5026	284.203
12.5114	284.361
12.5382	284.074
12.5473	284.225
12.5535	284.447
12.5654	284.528
12.5685	284.826
12.5714	285.129
12.6186	284.34
12.6216	284.64
12.6274	284.87
12.6304	285.169
12.6603	284.807
12.678	284.745
12.6811	285.04
12.6989	284.976
12.7018	285.275
12.7078	285.499
12.7621	284.545
12.7681	284.767
12.792	284.556
12.8041	284.63
12.8133	284.775
12.8283	284.779
12.8727	284.076
12.8905	284.013
12.8935	284.306
12.9348	283.682
12.9408	283.902
12.9495	284.057
12.9615	284.134
12.9793	284.072
13.003	283.87
13.0211	283.802
13.033	283.881
13.063	283.532
13.0718	283.683
13.084	283.755
13.0898	283.977
13.0928	284.264
13.1017	284.413
13.1168	284.415
13.1199	284.699
13.1228	284.989
13.1409	284.919
13.1499	285.064
13.1586	285.216
13.1733	285.227
13.1793	285.442
13.1881	285.591
13.2002	285.662
13.209	285.81
13.2299	285.674
13.2329	285.958
13.2864	285.062
13.3073	284.928
13.3133	285.141
13.3282	285.147
13.3311	285.431
13.3371	285.643
13.3461	285.785
13.349	286.069
13.355	286.28
13.3639	286.424
13.3908	286.15
13.3938	286.43
13.4144	286.303
13.4261	286.381
13.4292	286.658
13.4621	286.247
13.4769	286.253
13.4859	286.393
13.4979	286.464
13.5159	286.397
13.5605	285.722
13.6023	285.115
13.6081	285.327
13.638	284.993
13.644	285.2
13.6738	284.869
13.6856	284.945
13.7183	284.551
13.748	284.226
13.7598	284.302
13.7715	284.38
13.834	283.328
13.837	283.599
13.8399	283.873
13.8637	283.683
13.8725	283.825
13.8784	284.031
13.9025	283.834
13.9055	284.104
13.9322	283.851
13.9352	284.12
13.9474	284.186
13.9538	284.38
13.9689	284.382
13.9807	284.456
13.9925	284.53
13.9985	284.732
14.0134	284.738
14.0193	284.942
14.0223	285.208
14.0284	285.407
14.0343	285.61
14.0401	285.815
14.052	285.886
14.0671	285.886
14.1415	284.592
14.1595	284.531
14.1624	284.797
14.1682	285
14.1772	285.134
14.1953	285.07
14.2042	285.205
14.216	285.278
14.2189	285.543
14.243	285.349
14.2672	285.153
14.2818	285.165
14.2906	285.302
14.2966	285.499
14.3024	285.7
14.3112	285.836
14.3443	285.449
14.3713	285.195
14.3919	285.079
14.404	285.144
14.4158	285.215
14.4396	285.031
14.4846	284.398
14.4876	284.656
14.4906	284.914
14.4935	285.174
14.4965	285.431
14.5113	285.438
14.5142	285.697
14.5202	285.891
14.5591	285.388
14.5919	285.016
14.6039	285.082
14.6667	284.085
14.6727	284.277
14.6816	284.408
14.6964	284.416
14.6994	284.67
14.7258	284.436
14.7316	284.632
14.7345	284.887
14.7376	285.138
14.7642	284.9
14.7973	284.528
14.866	283.427
14.869	283.678
14.878	283.805
14.884	283.995
14.8931	284.12
14.8989	284.313
14.964	283.294
14.9701	283.48
14.9732	283.727
15.0026	283.439
15.0352	283.087
15.0381	283.337
15.0529	283.346
15.0558	283.596
15.0951	283.11
15.1156	283.005
15.1244	283.134
15.1481	282.965
15.1746	282.74
15.1806	282.926
15.1835	283.173
15.1894	283.36
15.2194	283.065
15.2224	283.31
15.2253	283.557
15.2401	283.566
15.2491	283.69
15.2581	283.814
15.2641	283.998
15.2759	284.066
15.3024	283.841
15.3174	283.846
15.362	283.263
15.3796	283.217
15.4004	283.108
15.4092	283.235
15.427	283.185
15.4486	283.06
15.4756	282.83
15.5029	282.595
15.5298	282.368
15.5415	282.438
15.5977	281.645
15.6066	281.769
15.6156	281.891
15.6246	282.014
15.6455	281.906
15.6574	281.972
15.6695	282.034
15.6754	282.216
15.6785	282.451
15.6936	282.455
15.7054	282.522
15.7115	282.699
15.7529	282.197
15.7677	282.207
15.7798	282.268
15.7887	282.391
15.7917	282.626
15.8183	282.41
15.8212	282.647
15.863	282.141
15.9133	281.477
15.9162	281.713
15.9252	281.833
15.9342	281.953
15.9405	282.123
15.9464	282.301
15.9581	282.37
15.9611	282.602
15.964	282.837
15.967	283.07
16.0036	282.666
16.0216	282.615
16.0304	282.737
16.0366	282.908
16.0424	283.087
16.0719	282.818
16.075	283.047
16.0988	282.887
16.1136	282.896
16.1165	283.128
16.1194	283.36
16.1374	283.308
16.1527	283.307
16.1591	283.473
16.183	283.311
16.1863	283.535
16.1894	283.762
16.214	283.586
16.2468	283.259
16.256	283.371
16.2624	283.536
16.2778	283.533
16.2901	283.588
16.293	283.817
16.296	284.044
16.2989	284.273
16.3108	284.335
16.3175	284.493
16.3356	284.439
16.3386	284.665
16.3417	284.89
16.3449	285.113
16.3482	285.334
16.3514	285.556
16.3543	285.784
16.3573	286.01
16.3667	286.117
16.3698	286.341
16.3727	286.568
16.3758	286.792
16.3787	287.019
16.3817	287.245
16.3848	287.468
16.3878	287.694
16.3913	287.91
16.3945	288.131
16.3976	288.354
16.4008	288.575
16.4042	288.793
16.4076	289.01
16.4105	289.236
16.4137	289.457
